Year Mon Day DOY hour Heit(km) Lat  Lon Oden(cm-3) N2den(cm-3) O2den(cm-3) air(gm/cm3) T(K) exoT(K) Heden(cm-3)Arden(cm-3) Hden(cm-3) Nden(cm-3) F107 F107a apdaily  ap0-3 ap3-6 ap6-9 ap9-12 ap12-33 ap33-59
2024  5 22 143 18.00    0.0   19.0   99.0  9.999E-38  1.883E+19  5.049E+18 1.159E-03  301.2  1016  1.254E+14  2.250E+17  9.999E-38  9.999E-38  190.6  181.4    3.1    5.0    3.0    2.0    0.0    6.8    4.4
2024  5 22 143 18.00    5.0   19.0   99.0  9.999E-38  1.150E+19  3.085E+18 7.081E-04  272.8  1016  7.660E+13  1.375E+17  9.999E-38  9.999E-38  190.6  181.4    3.1    5.0    3.0    2.0    0.0    6.8    4.4
2024  5 22 143 18.00   10.0   19.0   99.0  9.999E-38  6.719E+18  1.802E+18 4.136E-04  241.6  1016  4.474E+13  8.030E+16  9.999E-38  9.999E-38  190.6  181.4    3.1    5.0    3.0    2.0    0.0    6.8    4.4
2024  5 22 143 18.00   15.0   19.0   99.0  9.999E-38  3.699E+18  9.918E+17 2.277E-04  202.6  1016  2.463E+13  4.420E+16  9.999E-38  9.999E-38  190.6  181.4    3.1    5.0    3.0    2.0    0.0    6.8    4.4
2024  5 22 143 18.00   20.0   19.0   99.0  9.999E-38  1.588E+18  4.258E+17 9.775E-05  201.3  1016  1.058E+13  1.898E+16  9.999E-38  9.999E-38  190.6  181.4    3.1    5.0    3.0    2.0    0.0    6.8    4.4
2024  5 22 143 18.00   25.0   19.0   99.0  9.999E-38  6.505E+17  1.744E+17 4.004E-05  219.5  1016  4.332E+12  7.774E+15  9.999E-38  9.999E-38  190.6  181.4    3.1    5.0    3.0    2.0    0.0    6.8    4.4
2024  5 22 143 18.00   30.0   19.0   99.0  9.999E-38  2.946E+17  7.899E+16 1.813E-05  228.5  1016  1.962E+12  3.520E+15  9.999E-38  9.999E-38  190.6  181.4    3.1    5.0    3.0    2.0    0.0    6.8    4.4
2024  5 22 143 18.00   35.0   19.0   99.0  9.999E-38  1.361E+17  3.650E+16 8.379E-06  240.4  1016  9.064E+11  1.627E+15  9.999E-38  9.999E-38  190.6  181.4    3.1    5.0    3.0    2.0    0.0    6.8    4.4
2024  5 22 143 18.00   40.0   19.0   99.0  9.999E-38  6.543E+16  1.755E+16 4.028E-06  252.3  1016  4.357E+11  7.820E+14  9.999E-38  9.999E-38  190.6  181.4    3.1    5.0    3.0    2.0    0.0    6.8    4.4
2024  5 22 143 18.00   45.0   19.0   99.0  9.999E-38  3.254E+16  8.726E+15 2.003E-06  264.9  1016  2.167E+11  3.889E+14  9.999E-38  9.999E-38  190.6  181.4    3.1    5.0    3.0    2.0    0.0    6.8    4.4
2024  5 22 143 18.00   50.0   19.0   99.0  9.999E-38  1.728E+16  4.634E+15 1.064E-06  265.8  1016  1.151E+11  2.065E+14  9.999E-38  9.999E-38  190.6  181.4    3.1    5.0    3.0    2.0    0.0    6.8    4.4
2024  5 22 143 18.00   55.0   19.0   99.0  4.720E+07  9.455E+15  2.536E+15 5.821E-07  255.6  1016  6.297E+10  1.130E+14  9.999E-38  9.999E-38  190.6  181.4    3.1    5.0    3.0    2.0    0.0    6.8    4.4
2024  5 22 143 18.00   60.0   19.0   99.0  3.989E+07  5.099E+15  1.367E+15 3.139E-07  242.0  1016  3.396E+10  6.094E+13  9.999E-38  9.999E-38  190.6  181.4    3.1    5.0    3.0    2.0    0.0    6.8    4.4
2024  5 22 143 18.00   65.0   19.0   99.0  4.508E+07  2.688E+15  7.209E+14 1.655E-07  224.2  1016  1.790E+10  3.213E+13  9.999E-38  9.999E-38  190.6  181.4    3.1    5.0    3.0    2.0    0.0    6.8    4.4
2024  5 22 143 18.00   70.0   19.0   99.0  8.724E+07  1.343E+15  3.603E+14 8.270E-08  206.2  1016  8.947E+09  1.606E+13  9.999E-38  9.999E-38  190.6  181.4    3.1    5.0    3.0    2.0    0.0    6.8    4.4
2024  5 22 143 18.00   75.0   19.0   99.0  1.930E+08  6.139E+14  1.646E+14 3.779E-08  196.5  1016  4.088E+09  7.337E+12  9.999E-38  9.999E-38  190.6  181.4    3.1    5.0    3.0    2.0    0.0    6.8    4.4
2024  5 22 143 18.00   80.0   19.0   99.0  1.544E+09  2.631E+14  7.056E+13 1.620E-08  195.9  1016  1.776E+09  3.145E+12  1.389E+08  9.999E-38  190.6  181.4    3.1    5.0    3.0    2.0    0.0    6.8    4.4
2024  5 22 143 18.00   85.0   19.0   99.0  8.445E+10  1.127E+14  3.021E+13 6.938E-09  196.4  1016  8.027E+08  1.346E+12  1.836E+08  9.999E-38  190.6  181.4    3.1    5.0    3.0    2.0    0.0    6.8    4.4
2024  5 22 143 18.00   90.0   19.0   99.0  4.398E+11  4.881E+13  1.298E+13 3.010E-09  194.8  1016  3.915E+08  5.759E+11  1.136E+08  9.999E-38  190.6  181.4    3.1    5.0    3.0    2.0    0.0    6.8    4.4
2024  5 22 143 18.00   95.0   19.0   99.0  7.760E+11  2.137E+13  5.514E+12 1.324E-09  190.9  1016  2.190E+08  2.411E+11  6.760E+07  1.023E+05  190.6  181.4    3.1    5.0    3.0    2.0    0.0    6.8    4.4
2024  5 22 143 18.00  100.0   19.0   99.0  6.570E+11  9.220E+12  2.216E+12 5.703E-10  187.1  1016  1.387E+08  9.341E+10  4.066E+07  2.069E+05  190.6  181.4    3.1    5.0    3.0    2.0    0.0    6.8    4.4
2024  5 22 143 18.00  105.0   19.0   99.0  3.595E+11  3.769E+12  8.019E+11 2.296E-10  195.0  1016  9.502E+07  3.170E+10  2.374E+07  3.771E+05  190.6  181.4    3.1    5.0    3.0    2.0    0.0    6.8    4.4
2024  5 22 143 18.00  110.0   19.0   99.0  2.024E+11  1.497E+12  2.720E+11 9.012E-11  226.7  1016  6.711E+07  1.009E+10  1.337E+07  6.314E+05  190.6  181.4    3.1    5.0    3.0    2.0    0.0    6.8    4.4
2024  5 22 143 18.00  115.0   19.0   99.0  1.188E+11  6.322E+11  9.693E+10 3.794E-11  284.3  1016  4.722E+07  3.420E+09  7.344E+06  1.011E+06  190.6  181.4    3.1    5.0    3.0    2.0    0.0    6.8    4.4
2024  5 22 143 18.00  120.0   19.0   99.0  7.422E+10  3.028E+11  3.927E+10 1.823E-11  360.2  1016  3.452E+07  1.337E+09  4.210E+06  1.598E+06  190.6  181.4    3.1    5.0    3.0    2.0    0.0    6.8    4.4
2024  5 22 143 18.00  125.0   19.0   99.0  4.996E+10  1.648E+11  1.829E+10 1.001E-11  444.8  1016  2.635E+07  6.062E+08  2.578E+06  2.495E+06  190.6  181.4    3.1    5.0    3.0    2.0    0.0    6.8    4.4
2024  5 22 143 18.00  130.0   19.0   99.0  3.629E+10  1.011E+11  9.720E+09 6.203E-12  522.3  1016  2.137E+07  3.164E+08  1.702E+06  3.842E+06  190.6  181.4    3.1    5.0    3.0    2.0    0.0    6.8    4.4
2024  5 22 143 18.00  135.0   19.0   99.0  2.784E+10  6.736E+10  5.682E+09 4.187E-12  589.2  1016  1.815E+07  1.824E+08  1.195E+06  5.747E+06  190.6  181.4    3.1    5.0    3.0    2.0    0.0    6.8    4.4
2024  5 22 143 18.00  140.0   19.0   99.0  2.218E+10  4.751E+10  3.549E+09 2.996E-12  646.9  1016  1.591E+07  1.124E+08  8.761E+05  8.284E+06  190.6  181.4    3.1    5.0    3.0    2.0    0.0    6.8    4.4
2024  5 22 143 18.00  145.0   19.0   99.0  1.818E+10  3.488E+10  2.331E+09 2.235E-12  696.8  1016  1.426E+07  7.276E+07  6.651E+05  1.148E+07  190.6  181.4    3.1    5.0    3.0    2.0    0.0    6.8    4.4
2024  5 22 143 18.00  150.0   19.0   99.0  1.520E+10  2.639E+10  1.592E+09 1.720E-12  739.8  1016  1.299E+07  4.896E+07  5.194E+05  1.525E+07  190.6  181.4    3.1    5.0    3.0    2.0    0.0    6.8    4.4
2024  5 22 143 18.00  155.0   19.0   99.0  1.291E+10  2.042E+10  1.123E+09 1.355E-12  777.0  1016  1.199E+07  3.396E+07  4.157E+05  1.941E+07  190.6  181.4    3.1    5.0    3.0    2.0    0.0    6.8    4.4
2024  5 22 143 18.00  160.0   19.0   99.0  1.110E+10  1.609E+10  8.131E+08 1.089E-12  809.2  1016  1.118E+07  2.413E+07  3.402E+05  2.373E+07  190.6  181.4    3.1    5.0    3.0    2.0    0.0    6.8    4.4
2024  5 22 143 18.00  165.0   19.0   99.0  9.637E+09  1.286E+10  6.023E+08 8.882E-13  837.0  1016  1.050E+07  1.750E+07  2.843E+05  2.788E+07  190.6  181.4    3.1    5.0    3.0    2.0    0.0    6.8    4.4
2024  5 22 143 18.00  170.0   19.0   99.0  8.440E+09  1.040E+10  4.549E+08 7.338E-13  861.0  1016  9.934E+06  1.290E+07  2.422E+05  3.160E+07  190.6  181.4    3.1    5.0    3.0    2.0    0.0    6.8    4.4
2024  5 22 143 18.00  175.0   19.0   99.0  7.444E+09  8.488E+09  3.493E+08 6.127E-13  881.7  1016  9.445E+06  9.637E+06  2.102E+05  3.465E+07  190.6  181.4    3.1    5.0    3.0    2.0    0.0    6.8    4.4
2024  5 22 143 18.00  180.0   19.0   99.0  6.603E+09  6.982E+09  2.720E+08 5.161E-13  899.7  1016  9.020E+06  7.284E+06  1.854E+05  3.690E+07  190.6  181.4    3.1    5.0    3.0    2.0    0.0    6.8    4.4
2024  5 22 143 18.00  185.0   19.0   99.0  5.886E+09  5.781E+09  2.144E+08 4.380E-13  915.2  1016  8.645E+06  5.560E+06  1.662E+05  3.830E+07  190.6  181.4    3.1    5.0    3.0    2.0    0.0    6.8    4.4
2024  5 22 143 18.00  190.0   19.0   99.0  5.269E+09  4.813E+09  1.708E+08 3.742E-13  928.7  1016  8.312E+06  4.279E+06  1.510E+05  3.890E+07  190.6  181.4    3.1    5.0    3.0    2.0    0.0    6.8    4.4
2024  5 22 143 18.00  195.0   19.0   99.0  4.733E+09  4.026E+09  1.372E+08 3.215E-13  940.3  1016  8.012E+06  3.316E+06  1.389E+05  3.880E+07  190.6  181.4    3.1    5.0    3.0    2.0    0.0    6.8    4.4
2024  5 22 143 18.00  200.0   19.0   99.0  4.265E+09  3.381E+09  1.111E+08 2.776E-13  950.4  1016  7.739E+06  2.585E+06  1.293E+05  3.813E+07  190.6  181.4    3.1    5.0    3.0    2.0    0.0    6.8    4.4
2024  5 22 143 18.00  205.0   19.0   99.0  3.852E+09  2.849E+09  9.048E+07 2.407E-13  959.1  1016  7.490E+06  2.026E+06  1.214E+05  3.700E+07  190.6  181.4    3.1    5.0    3.0    2.0    0.0    6.8    4.4
2024  5 22 143 18.00  210.0   19.0   99.0  3.487E+09  2.407E+09  7.408E+07 2.096E-13  966.6  1016  7.261E+06  1.594E+06  1.151E+05  3.556E+07  190.6  181.4    3.1    5.0    3.0    2.0    0.0    6.8    4.4
2024  5 22 143 18.00  215.0   19.0   99.0  3.163E+09  2.040E+09  6.093E+07 1.831E-13  973.2  1016  7.048E+06  1.259E+06  1.098E+05  3.391E+07  190.6  181.4    3.1    5.0    3.0    2.0    0.0    6.8    4.4
2024  5 22 143 18.00  220.0   19.0   99.0  2.874E+09  1.732E+09  5.030E+07 1.604E-13  978.8  1016  6.849E+06  9.974E+05  1.055E+05  3.213E+07  190.6  181.4    3.1    5.0    3.0    2.0    0.0    6.8    4.4
2024  5 22 143 18.00  225.0   19.0   99.0  2.614E+09  1.473E+09  4.165E+07 1.410E-13  983.8  1016  6.662E+06  7.924E+05  1.019E+05  3.029E+07  190.6  181.4    3.1    5.0    3.0    2.0    0.0    6.8    4.4
2024  5 22 143 18.00  230.0   19.0   99.0  2.382E+09  1.255E+09  3.459E+07 1.242E-13  988.0  1016  6.486E+06  6.310E+05  9.890E+04  2.845E+07  190.6  181.4    3.1    5.0    3.0    2.0    0.0    6.8    4.4
2024  5 22 143 18.00  235.0   19.0   99.0  2.172E+09  1.071E+09  2.879E+07 1.097E-13  991.7  1016  6.320E+06  5.036E+05  9.634E+04  2.664E+07  190.6  181.4    3.1    5.0    3.0    2.0    0.0    6.8    4.4
2024  5 22 143 18.00  240.0   19.0   99.0  1.982E+09  9.149E+08  2.401E+07 9.714E-14  994.9  1016  6.162E+06  4.026E+05  9.416E+04  2.489E+07  190.6  181.4    3.1    5.0    3.0    2.0    0.0    6.8    4.4
2024  5 22 143 18.00  245.0   19.0   99.0  1.811E+09  7.825E+08  2.006E+07 8.618E-14  997.7  1016  6.011E+06  3.223E+05  9.228E+04  2.321E+07  190.6  181.4    3.1    5.0    3.0    2.0    0.0    6.8    4.4
2024  5 22 143 18.00  250.0   19.0   99.0  1.655E+09  6.700E+08  1.678E+07 7.660E-14 1000.1  1016  5.866E+06  2.585E+05  9.066E+04  2.162E+07  190.6  181.4    3.1    5.0    3.0    2.0    0.0    6.8    4.4
2024  5 22 143 18.00  255.0   19.0   99.0  1.514E+09  5.741E+08  1.405E+07 6.821E-14 1002.2  1016  5.728E+06  2.075E+05  8.924E+04  2.012E+07  190.6  181.4    3.1    5.0    3.0    2.0    0.0    6.8    4.4
2024  5 22 143 18.00  260.0   19.0   99.0  1.386E+09  4.924E+08  1.179E+07 6.084E-14 1004.0  1016  5.594E+06  1.668E+05  8.799E+04  1.870E+07  190.6  181.4    3.1    5.0    3.0    2.0    0.0    6.8    4.4
2024  5 22 143 18.00  265.0   19.0   99.0  1.269E+09  4.226E+08  9.892E+06 5.436E-14 1005.6  1016  5.466E+06  1.342E+05  8.688E+04  1.738E+07  190.6  181.4    3.1    5.0    3.0    2.0    0.0    6.8    4.4
2024  5 22 143 18.00  270.0   19.0   99.0  1.163E+09  3.629E+08  8.311E+06 4.864E-14 1006.9  1016  5.342E+06  1.080E+05  8.589E+04  1.615E+07  190.6  181.4    3.1    5.0    3.0    2.0    0.0    6.8    4.4
2024  5 22 143 18.00  275.0   19.0   99.0  1.066E+09  3.119E+08  6.988E+06 4.359E-14 1008.1  1016  5.222E+06  8.706E+04  8.499E+04  1.499E+07  190.6  181.4    3.1    5.0    3.0    2.0    0.0    6.8    4.4
2024  5 22 143 18.00  280.0   19.0   99.0  9.775E+08  2.682E+08  5.879E+06 3.912E-14 1009.1  1016  5.106E+06  7.021E+04  8.417E+04  1.392E+07  190.6  181.4    3.1    5.0    3.0    2.0    0.0    6.8    4.4
2024  5 22 143 18.00  285.0   19.0   99.0  8.967E+08  2.307E+08  4.950E+06 3.515E-14 1010.0  1016  4.994E+06  5.667E+04  8.341E+04  1.293E+07  190.6  181.4    3.1    5.0    3.0    2.0    0.0    6.8    4.4
2024  5 22 143 18.00  290.0   19.0   99.0  8.227E+08  1.985E+08  4.169E+06 3.163E-14 1010.8  1016  4.884E+06  4.576E+04  8.272E+04  1.200E+07  190.6  181.4    3.1    5.0    3.0    2.0    0.0    6.8    4.4
2024  5 22 143 18.00  295.0   19.0   99.0  7.551E+08  1.710E+08  3.514E+06 2.849E-14 1011.5  1016  4.778E+06  3.698E+04  8.207E+04  1.115E+07  190.6  181.4    3.1    5.0    3.0    2.0    0.0    6.8    4.4
2024  5 22 143 18.00  300.0   19.0   99.0  6.933E+08  1.473E+08  2.963E+06 2.570E-14 1012.1  1016  4.675E+06  2.989E+04  8.146E+04  1.035E+07  190.6  181.4    3.1    5.0    3.0    2.0    0.0    6.8    4.4
2024  5 22 143 18.00  305.0   19.0   99.0  6.366E+08  1.269E+08  2.500E+06 2.320E-14 1012.6  1016  4.575E+06  2.418E+04  8.088E+04  9.610E+06  190.6  181.4    3.1    5.0    3.0    2.0    0.0    6.8    4.4
2024  5 22 143 18.00  310.0   19.0   99.0  5.848E+08  1.094E+08  2.110E+06 2.097E-14 1013.0  1016  4.477E+06  1.957E+04  8.033E+04  8.925E+06  190.6  181.4    3.1    5.0    3.0    2.0    0.0    6.8    4.4
2024  5 22 143 18.00  315.0   19.0   99.0  5.372E+08  9.432E+07  1.781E+06 1.898E-14 1013.4  1016  4.382E+06  1.584E+04  7.980E+04  8.289E+06  190.6  181.4    3.1    5.0    3.0    2.0    0.0    6.8    4.4
2024  5 22 143 18.00  320.0   19.0   99.0  4.937E+08  8.136E+07  1.504E+06 1.719E-14 1013.7  1016  4.289E+06  1.283E+04  7.929E+04  7.700E+06  190.6  181.4    3.1    5.0    3.0    2.0    0.0    6.8    4.4
2024  5 22 143 18.00  325.0   19.0   99.0  4.537E+08  7.020E+07  1.271E+06 1.558E-14 1014.0  1016  4.199E+06  1.040E+04  7.880E+04  7.153E+06  190.6  181.4    3.1    5.0    3.0    2.0    0.0    6.8    4.4
2024  5 22 143 18.00  330.0   19.0   99.0  4.171E+08  6.059E+07  1.074E+06 1.414E-14 1014.3  1016  4.110E+06  8.432E+03  7.833E+04  6.646E+06  190.6  181.4    3.1    5.0    3.0    2.0    0.0    6.8    4.4
2024  5 22 143 18.00  335.0   19.0   99.0  3.835E+08  5.231E+07  9.084E+05 1.284E-14 1014.5  1016  4.024E+06  6.839E+03  7.787E+04  6.175E+06  190.6  181.4    3.1    5.0    3.0    2.0    0.0    6.8    4.4
2024  5 22 143 18.00  340.0   19.0   99.0  3.526E+08  4.518E+07  7.683E+05 1.167E-14 1014.7  1016  3.940E+06  5.549E+03  7.742E+04  5.739E+06  190.6  181.4    3.1    5.0    3.0    2.0    0.0    6.8    4.4
2024  5 22 143 18.00  345.0   19.0   99.0  3.243E+08  3.902E+07  6.500E+05 1.062E-14 1014.9  1016  3.858E+06  4.504E+03  7.698E+04  5.334E+06  190.6  181.4    3.1    5.0    3.0    2.0    0.0    6.8    4.4
2024  5 22 143 18.00  350.0   19.0   99.0  2.983E+08  3.372E+07  5.501E+05 9.665E-15 1015.0  1016  3.778E+06  3.657E+03  7.655E+04  4.958E+06  190.6  181.4    3.1    5.0    3.0    2.0    0.0    6.8    4.4
2024  5 22 143 18.00  355.0   19.0   99.0  2.745E+08  2.914E+07  4.657E+05 8.805E-15 1015.2  1016  3.700E+06  2.970E+03  7.613E+04  4.610E+06  190.6  181.4    3.1    5.0    3.0    2.0    0.0    6.8    4.4
2024  5 22 143 18.00  360.0   19.0   99.0  2.526E+08  2.519E+07  3.943E+05 8.027E-15 1015.3  1016  3.623E+06  2.413E+03  7.571E+04  4.286E+06  190.6  181.4    3.1    5.0    3.0    2.0    0.0    6.8    4.4
2024  5 22 143 18.00  365.0   19.0   99.0  2.324E+08  2.178E+07  3.340E+05 7.323E-15 1015.4  1016  3.549E+06  1.962E+03  7.530E+04  3.985E+06  190.6  181.4    3.1    5.0    3.0    2.0    0.0    6.8    4.4
2024  5 22 143 18.00  370.0   19.0   99.0  2.139E+08  1.884E+07  2.830E+05 6.685E-15 1015.4  1016  3.476E+06  1.595E+03  7.490E+04  3.706E+06  190.6  181.4    3.1    5.0    3.0    2.0    0.0    6.8    4.4
2024  5 22 143 18.00  375.0   19.0   99.0  1.969E+08  1.630E+07  2.398E+05 6.106E-15 1015.5  1016  3.404E+06  1.297E+03  7.450E+04  3.447E+06  190.6  181.4    3.1    5.0    3.0    2.0    0.0    6.8    4.4
2024  5 22 143 18.00  380.0   19.0   99.0  1.813E+08  1.411E+07  2.033E+05 5.581E-15 1015.6  1016  3.334E+06  1.056E+03  7.410E+04  3.207E+06  190.6  181.4    3.1    5.0    3.0    2.0    0.0    6.8    4.4
2024  5 22 143 18.00  385.0   19.0   99.0  1.670E+08  1.221E+07  1.724E+05 5.104E-15 1015.6  1016  3.266E+06  8.591E+02  7.371E+04  2.983E+06  190.6  181.4    3.1    5.0    3.0    2.0    0.0    6.8    4.4
2024  5 22 143 18.00  390.0   19.0   99.0  1.538E+08  1.057E+07  1.462E+05 4.671E-15 1015.7  1016  3.200E+06  6.994E+02  7.332E+04  2.776E+06  190.6  181.4    3.1    5.0    3.0    2.0    0.0    6.8    4.4
2024  5 22 143 18.00  395.0   19.0   99.0  1.416E+08  9.152E+06  1.240E+05 4.276E-15 1015.7  1016  3.134E+06  5.696E+02  7.294E+04  2.583E+06  190.6  181.4    3.1    5.0    3.0    2.0    0.0    6.8    4.4
2024  5 22 143 18.00  400.0   19.0   99.0  1.305E+08  7.927E+06  1.053E+05 3.917E-15 1015.8  1016  3.071E+06  4.641E+02  7.256E+04  2.404E+06  190.6  181.4    3.1    5.0    3.0    2.0    0.0    6.8    4.4
2024  5 22 143 18.00  405.0   19.0   99.0  1.202E+08  6.867E+06  8.934E+04 3.590E-15 1015.8  1016  3.008E+06  3.782E+02  7.219E+04  2.237E+06  190.6  181.4    3.1    5.0    3.0    2.0    0.0    6.8    4.4
2024  5 22 143 18.00  410.0   19.0   99.0  1.107E+08  5.950E+06  7.585E+04 3.291E-15 1015.8  1016  2.947E+06  3.083E+02  7.182E+04  2.083E+06  190.6  181.4    3.1    5.0    3.0    2.0    0.0    6.8    4.4
2024  5 22 143 18.00  415.0   19.0   99.0  1.021E+08  5.157E+06  6.441E+04 3.019E-15 1015.9  1016  2.888E+06  2.514E+02  7.145E+04  1.939E+06  190.6  181.4    3.1    5.0    3.0    2.0    0.0    6.8    4.4
2024  5 22 143 18.00  420.0   19.0   99.0  9.406E+07  4.471E+06  5.471E+04 2.771E-15 1015.9  1016  2.829E+06  2.051E+02  7.108E+04  1.805E+06  190.6  181.4    3.1    5.0    3.0    2.0    0.0    6.8    4.4
2024  5 22 143 18.00  425.0   19.0   99.0  8.670E+07  3.876E+06  4.649E+04 2.544E-15 1015.9  1016  2.772E+06  1.673E+02  7.072E+04  1.681E+06  190.6  181.4    3.1    5.0    3.0    2.0    0.0    6.8    4.4
2024  5 22 143 18.00  430.0   19.0   99.0  7.992E+07  3.362E+06  3.951E+04 2.337E-15 1015.9  1016  2.716E+06  1.366E+02  7.036E+04  1.565E+06  190.6  181.4    3.1    5.0    3.0    2.0    0.0    6.8    4.4
2024  5 22 143 18.00  435.0   19.0   99.0  7.369E+07  2.916E+06  3.359E+04 2.147E-15 1015.9  1016  2.662E+06  1.115E+02  7.000E+04  1.458E+06  190.6  181.4    3.1    5.0    3.0    2.0    0.0    6.8    4.4
2024  5 22 143 18.00  440.0   19.0   99.0  6.795E+07  2.530E+06  2.856E+04 1.974E-15 1015.9  1016  2.608E+06  9.106E+01  6.964E+04  1.358E+06  190.6  181.4    3.1    5.0    3.0    2.0    0.0    6.8    4.4
2024  5 22 143 18.00  445.0   19.0   99.0  6.266E+07  2.196E+06  2.429E+04 1.815E-15 1016.0  1016  2.556E+06  7.439E+01  6.929E+04  1.265E+06  190.6  181.4    3.1    5.0    3.0    2.0    0.0    6.8    4.4
2024  5 22 143 18.00  450.0   19.0   99.0  5.780E+07  1.906E+06  2.066E+04 1.670E-15 1016.0  1016  2.505E+06  6.080E+01  6.894E+04  1.179E+06  190.6  181.4    3.1    5.0    3.0    2.0    0.0    6.8    4.4
2024  5 22 143 18.00  455.0   19.0   99.0  5.331E+07  1.655E+06  1.758E+04 1.536E-15 1016.0  1016  2.455E+06  4.970E+01  6.859E+04  1.098E+06  190.6  181.4    3.1    5.0    3.0    2.0    0.0    6.8    4.4
2024  5 22 143 18.00  460.0   19.0   99.0  4.918E+07  1.437E+06  1.496E+04 1.414E-15 1016.0  1016  2.406E+06  4.064E+01  6.824E+04  1.023E+06  190.6  181.4    3.1    5.0    3.0    2.0    0.0    6.8    4.4
2024  5 22 143 18.00  465.0   19.0   99.0  4.538E+07  1.248E+06  1.274E+04 1.302E-15 1016.0  1016  2.358E+06  3.324E+01  6.790E+04  9.537E+05  190.6  181.4    3.1    5.0    3.0    2.0    0.0    6.8    4.4
2024  5 22 143 18.00  470.0   19.0   99.0  4.187E+07  1.084E+06  1.085E+04 1.200E-15 1016.0  1016  2.311E+06  2.719E+01  6.756E+04  8.889E+05  190.6  181.4    3.1    5.0    3.0    2.0    0.0    6.8    4.4
2024  5 22 143 18.00  475.0   19.0   99.0  3.864E+07  9.420E+05  9.238E+03 1.106E-15 1016.0  1016  2.265E+06  2.226E+01  6.722E+04  8.286E+05  190.6  181.4    3.1    5.0    3.0    2.0    0.0    6.8    4.4
2024  5 22 143 18.00  480.0   19.0   99.0  3.567E+07  8.187E+05  7.870E+03 1.019E-15 1016.0  1016  2.220E+06  1.822E+01  6.689E+04  7.724E+05  190.6  181.4    3.1    5.0    3.0    2.0    0.0    6.8    4.4
2024  5 22 143 18.00  485.0   19.0   99.0  3.293E+07  7.116E+05  6.706E+03 9.397E-16 1016.0  1016  2.176E+06  1.492E+01  6.655E+04  7.202E+05  190.6  181.4    3.1    5.0    3.0    2.0    0.0    6.8    4.4
2024  5 22 143 18.00  490.0   19.0   99.0  3.040E+07  6.187E+05  5.715E+03 8.668E-16 1016.0  1016  2.133E+06  1.222E+01  6.622E+04  6.715E+05  190.6  181.4    3.1    5.0    3.0    2.0    0.0    6.8    4.4
2024  5 22 143 18.00  495.0   19.0   99.0  2.807E+07  5.381E+05  4.872E+03 7.997E-16 1016.0  1016  2.091E+06  1.001E+01  6.589E+04  6.262E+05  190.6  181.4    3.1    5.0    3.0    2.0    0.0    6.8    4.4
2024  5 22 143 18.00  500.0   19.0   99.0  2.592E+07  4.680E+05  4.155E+03 7.380E-16 1016.0  1016  2.050E+06  8.208E+00  6.556E+04  5.840E+05  190.6  181.4    3.1    5.0    3.0    2.0    0.0    6.8    4.4
2024  5 22 143 18.00  505.0   19.0   99.0  2.394E+07  4.072E+05  3.544E+03 6.814E-16 1016.0  1016  2.009E+06  6.729E+00  6.524E+04  5.447E+05  190.6  181.4    3.1    5.0    3.0    2.0    0.0    6.8    4.4
2024  5 22 143 18.00  510.0   19.0   99.0  2.211E+07  3.543E+05  3.023E+03 6.292E-16 1016.0  1016  1.970E+06  5.519E+00  6.491E+04  5.081E+05  190.6  181.4    3.1    5.0    3.0    2.0    0.0    6.8    4.4
2024  5 22 143 18.00  515.0   19.0   99.0  2.042E+07  3.083E+05  2.580E+03 5.812E-16 1016.0  1016  1.931E+06  4.527E+00  6.459E+04  4.741E+05  190.6  181.4    3.1    5.0    3.0    2.0    0.0    6.8    4.4
2024  5 22 143 18.00  520.0   19.0   99.0  1.887E+07  2.684E+05  2.202E+03 5.370E-16 1016.0  1016  1.893E+06  3.715E+00  6.427E+04  4.423E+05  190.6  181.4    3.1    5.0    3.0    2.0    0.0    6.8    4.4
2024  5 22 143 18.00  525.0   19.0   99.0  1.743E+07  2.337E+05  1.880E+03 4.963E-16 1016.0  1016  1.856E+06  3.049E+00  6.396E+04  4.127E+05  190.6  181.4    3.1    5.0    3.0    2.0    0.0    6.8    4.4
2024  5 22 143 18.00  530.0   19.0   99.0  1.611E+07  2.035E+05  1.605E+03 4.589E-16 1016.0  1016  1.820E+06  2.504E+00  6.364E+04  3.852E+05  190.6  181.4    3.1    5.0    3.0    2.0    0.0    6.8    4.4
2024  5 22 143 18.00  535.0   19.0   99.0  1.489E+07  1.773E+05  1.371E+03 4.244E-16 1016.0  1016  1.784E+06  2.056E+00  6.333E+04  3.595E+05  190.6  181.4    3.1    5.0    3.0    2.0    0.0    6.8    4.4
2024  5 22 143 18.00  540.0   19.0   99.0  1.376E+07  1.545E+05  1.171E+03 3.926E-16 1016.0  1016  1.749E+06  1.689E+00  6.302E+04  3.355E+05  190.6  181.4    3.1    5.0    3.0    2.0    0.0    6.8    4.4
2024  5 22 143 18.00  545.0   19.0   99.0  1.272E+07  1.346E+05  1.001E+03 3.632E-16 1016.0  1016  1.715E+06  1.388E+00  6.271E+04  3.132E+05  190.6  181.4    3.1    5.0    3.0    2.0    0.0    6.8    4.4
2024  5 22 143 18.00  550.0   19.0   99.0  1.176E+07  1.173E+05  8.553E+02 3.362E-16 1016.0  1016  1.682E+06  1.141E+00  6.240E+04  2.924E+05  190.6  181.4    3.1    5.0    3.0    2.0    0.0    6.8    4.4
2024  5 22 143 18.00  555.0   19.0   99.0  1.087E+07  1.023E+05  7.312E+02 3.113E-16 1016.0  1016  1.649E+06  9.381E-01  6.210E+04  2.730E+05  190.6  181.4    3.1    5.0    3.0    2.0    0.0    6.8    4.4
2024  5 22 143 18.00  560.0   19.0   99.0  1.005E+07  8.916E+04  6.252E+02 2.883E-16 1016.0  1016  1.617E+06  7.716E-01  6.179E+04  2.549E+05  190.6  181.4    3.1    5.0    3.0    2.0    0.0    6.8    4.4
2024  5 22 143 18.00  565.0   19.0   99.0  9.298E+06  7.776E+04  5.347E+02 2.671E-16 1016.0  1016  1.586E+06  6.348E-01  6.149E+04  2.381E+05  190.6  181.4    3.1    5.0    3.0    2.0    0.0    6.8    4.4
2024  5 22 143 18.00  570.0   19.0   99.0  8.599E+06  6.782E+04  4.574E+02 2.475E-16 1016.0  1016  1.556E+06  5.224E-01  6.119E+04  2.223E+05  190.6  181.4    3.1    5.0    3.0    2.0    0.0    6.8    4.4
2024  5 22 143 18.00  575.0   19.0   99.0  7.955E+06  5.917E+04  3.914E+02 2.294E-16 1016.0  1016  1.525E+06  4.300E-01  6.090E+04  2.077E+05  190.6  181.4    3.1    5.0    3.0    2.0    0.0    6.8    4.4
2024  5 22 143 18.00  580.0   19.0   99.0  7.359E+06  5.163E+04  3.350E+02 2.127E-16 1016.0  1016  1.496E+06  3.541E-01  6.060E+04  1.940E+05  190.6  181.4    3.1    5.0    3.0    2.0    0.0    6.8    4.4
2024  5 22 143 18.00  585.0   19.0   99.0  6.809E+06  4.506E+04  2.868E+02 1.973E-16 1016.0  1016  1.467E+06  2.916E-01  6.031E+04  1.812E+05  190.6  181.4    3.1    5.0    3.0    2.0    0.0    6.8    4.4
2024  5 22 143 18.00  590.0   19.0   99.0  6.300E+06  3.934E+04  2.455E+02 1.830E-16 1016.0  1016  1.439E+06  2.402E-01  6.001E+04  1.693E+05  190.6  181.4    3.1    5.0    3.0    2.0    0.0    6.8    4.4
2024  5 22 143 18.00  595.0   19.0   99.0  5.831E+06  3.435E+04  2.103E+02 1.699E-16 1016.0  1016  1.411E+06  1.980E-01  5.972E+04  1.582E+05  190.6  181.4    3.1    5.0    3.0    2.0    0.0    6.8    4.4
2024  5 22 143 18.00  600.0   19.0   99.0  5.396E+06  3.000E+04  1.801E+02 1.577E-16 1016.0  1016  1.384E+06  1.632E-01  5.944E+04  1.479E+05  190.6  181.4    3.1    5.0    3.0    2.0    0.0    6.8    4.4
2024  5 22 143 18.00  605.0   19.0   99.0  4.995E+06  2.620E+04  1.543E+02 1.465E-16 1016.0  1016  1.358E+06  1.346E-01  5.915E+04  1.382E+05  190.6  181.4    3.1    5.0    3.0    2.0    0.0    6.8    4.4
2024  5 22 143 18.00  610.0   19.0   99.0  4.624E+06  2.289E+04  1.323E+02 1.361E-16 1016.0  1016  1.332E+06  1.110E-01  5.887E+04  1.292E+05  190.6  181.4    3.1    5.0    3.0    2.0    0.0    6.8    4.4
2024  5 22 143 18.00  615.0   19.0   99.0  4.281E+06  2.000E+04  1.134E+02 1.265E-16 1016.0  1016  1.307E+06  9.156E-02  5.858E+04  1.207E+05  190.6  181.4    3.1    5.0    3.0    2.0    0.0    6.8    4.4
2024  5 22 143 18.00  620.0   19.0   99.0  3.964E+06  1.748E+04  9.721E+01 1.176E-16 1016.0  1016  1.282E+06  7.556E-02  5.830E+04  1.129E+05  190.6  181.4    3.1    5.0    3.0    2.0    0.0    6.8    4.4
2024  5 22 143 18.00  625.0   19.0   99.0  3.671E+06  1.528E+04  8.337E+01 1.093E-16 1016.0  1016  1.257E+06  6.237E-02  5.802E+04  1.055E+05  190.6  181.4    3.1    5.0    3.0    2.0    0.0    6.8    4.4
2024  5 22 143 18.00  630.0   19.0   99.0  3.400E+06  1.336E+04  7.151E+01 1.017E-16 1016.0  1016  1.233E+06  5.150E-02  5.774E+04  9.867E+04  190.6  181.4    3.1    5.0    3.0    2.0    0.0    6.8    4.4
2024  5 22 143 18.00  635.0   19.0   99.0  3.149E+06  1.168E+04  6.135E+01 9.469E-17 1016.0  1016  1.210E+06  4.253E-02  5.747E+04  9.227E+04  190.6  181.4    3.1    5.0    3.0    2.0    0.0    6.8    4.4
2024  5 22 143 18.00  640.0   19.0   99.0  2.917E+06  1.022E+04  5.265E+01 8.816E-17 1016.0  1016  1.187E+06  3.514E-02  5.719E+04  8.630E+04  190.6  181.4    3.1    5.0    3.0    2.0    0.0    6.8    4.4
2024  5 22 143 18.00  645.0   19.0   99.0  2.703E+06  8.939E+03  4.519E+01 8.212E-17 1016.0  1016  1.165E+06  2.904E-02  5.692E+04  8.072E+04  190.6  181.4    3.1    5.0    3.0    2.0    0.0    6.8    4.4
2024  5 22 143 18.00  650.0   19.0   99.0  2.504E+06  7.821E+03  3.880E+01 7.653E-17 1016.0  1016  1.143E+06  2.400E-02  5.665E+04  7.550E+04  190.6  181.4    3.1    5.0    3.0    2.0    0.0    6.8    4.4
2024  5 22 143 18.00  655.0   19.0   99.0  2.321E+06  6.845E+03  3.331E+01 7.134E-17 1016.0  1016  1.121E+06  1.984E-02  5.638E+04  7.063E+04  190.6  181.4    3.1    5.0    3.0    2.0    0.0    6.8    4.4
2024  5 22 143 18.00  660.0   19.0   99.0  2.151E+06  5.992E+03  2.861E+01 6.654E-17 1016.0  1016  1.100E+06  1.641E-02  5.612E+04  6.608E+04  190.6  181.4    3.1    5.0    3.0    2.0    0.0    6.8    4.4
2024  5 22 143 18.00  665.0   19.0   99.0  1.993E+06  5.245E+03  2.458E+01 6.208E-17 1016.0  1016  1.079E+06  1.358E-02  5.585E+04  6.183E+04  190.6  181.4    3.1    5.0    3.0    2.0    0.0    6.8    4.4
2024  5 22 143 18.00  670.0   19.0   99.0  1.848E+06  4.593E+03  2.112E+01 5.795E-17 1016.0  1016  1.059E+06  1.124E-02  5.559E+04  5.786E+04  190.6  181.4    3.1    5.0    3.0    2.0    0.0    6.8    4.4
2024  5 22 143 18.00  675.0   19.0   99.0  1.713E+06  4.023E+03  1.815E+01 5.413E-17 1016.0  1016  1.039E+06  9.300E-03  5.532E+04  5.415E+04  190.6  181.4    3.1    5.0    3.0    2.0    0.0    6.8    4.4
2024  5 22 143 18.00  680.0   19.0   99.0  1.588E+06  3.524E+03  1.561E+01 5.058E-17 1016.0  1016  1.020E+06  7.699E-03  5.506E+04  5.068E+04  190.6  181.4    3.1    5.0    3.0    2.0    0.0    6.8    4.4
2024  5 22 143 18.00  685.0   19.0   99.0  1.473E+06  3.087E+03  1.342E+01 4.728E-17 1016.0  1016  1.001E+06  6.376E-03  5.480E+04  4.744E+04  190.6  181.4    3.1    5.0    3.0    2.0    0.0    6.8    4.4
2024  5 22 143 18.00  690.0   19.0   99.0  1.366E+06  2.706E+03  1.154E+01 4.422E-17 1016.0  1016  9.820E+05  5.282E-03  5.455E+04  4.441E+04  190.6  181.4    3.1    5.0    3.0    2.0    0.0    6.8    4.4
2024  5 22 143 18.00  695.0   19.0   99.0  1.267E+06  2.371E+03  9.926E+00 4.138E-17 1016.0  1016  9.636E+05  4.377E-03  5.429E+04  4.157E+04  190.6  181.4    3.1    5.0    3.0    2.0    0.0    6.8    4.4
2024  5 22 143 18.00  700.0   19.0   99.0  1.175E+06  2.079E+03  8.540E+00 3.875E-17 1016.0  1016  9.457E+05  3.628E-03  5.403E+04  3.892E+04  190.6  181.4    3.1    5.0    3.0    2.0    0.0    6.8    4.4
2024  5 22 143 18.00  705.0   19.0   99.0  1.090E+06  1.823E+03  7.349E+00 3.630E-17 1016.0  1016  9.281E+05  3.007E-03  5.378E+04  3.645E+04  190.6  181.4    3.1    5.0    3.0    2.0    0.0    6.8    4.4
2024  5 22 143 18.00  710.0   19.0   99.0  1.011E+06  1.599E+03  6.326E+00 3.403E-17 1016.0  1016  9.109E+05  2.494E-03  5.353E+04  3.413E+04  190.6  181.4    3.1    5.0    3.0    2.0    0.0    6.8    4.4
2024  5 22 143 18.00  715.0   19.0   99.0  9.383E+05  1.402E+03  5.446E+00 3.192E-17 1016.0  1016  8.940E+05  2.069E-03  5.328E+04  3.197E+04  190.6  181.4    3.1    5.0    3.0    2.0    0.0    6.8    4.4
2024  5 22 143 18.00  720.0   19.0   99.0  8.707E+05  1.230E+03  4.690E+00 2.995E-17 1016.0  1016  8.774E+05  1.716E-03  5.303E+04  2.994E+04  190.6  181.4    3.1    5.0    3.0    2.0    0.0    6.8    4.4
2024  5 22 143 18.00  725.0   19.0   99.0  8.081E+05  1.079E+03  4.039E+00 2.813E-17 1016.0  1016  8.612E+05  1.425E-03  5.278E+04  2.805E+04  190.6  181.4    3.1    5.0    3.0    2.0    0.0    6.8    4.4
2024  5 22 143 18.00  730.0   19.0   99.0  7.500E+05  9.473E+02  3.480E+00 2.643E-17 1016.0  1016  8.453E+05  1.183E-03  5.254E+04  2.628E+04  190.6  181.4    3.1    5.0    3.0    2.0    0.0    6.8    4.4
2024  5 22 143 18.00  735.0   19.0   99.0  6.962E+05  8.315E+02  2.998E+00 2.485E-17 1016.0  1016  8.297E+05  9.820E-04  5.230E+04  2.462E+04  190.6  181.4    3.1    5.0    3.0    2.0    0.0    6.8    4.4
2024  5 22 143 18.00  740.0   19.0   99.0  6.463E+05  7.300E+02  2.584E+00 2.338E-17 1016.0  1016  8.144E+05  8.156E-04  5.205E+04  2.307E+04  190.6  181.4    3.1    5.0    3.0    2.0    0.0    6.8    4.4
2024  5 22 143 18.00  745.0   19.0   99.0  6.001E+05  6.410E+02  2.228E+00 2.201E-17 1016.0  1016  7.995E+05  6.776E-04  5.181E+04  2.161E+04  190.6  181.4    3.1    5.0    3.0    2.0    0.0    6.8    4.4
