    50     31    -19      6
    43     27    -16      6
    32     24     -8      8
    34     27     -7     10
    26     26      0     13
    39     22    -17      3
    40     18    -22     -2
    31     17    -14      2
    37     20    -17      2
    48     32    -16      8
    50     36    -14     11
    39     25    -14      6
    43     30    -13      9
    55     34    -21      7
    49     31    -18      7
    44     29    -15      7
    31     26     -5     11
    35     31     -4     14
    44     36     -8     14
    39     31     -8     12
    28     25     -3     11
    28     26     -2     12
    33     30     -3     14
    33     30     -3     14
    34     28     -6     11
    34     29     -5     12
    36     28     -8     10
    35     29     -6     12
    37     28     -9     10
    37     29     -8     11
    34     29     -5     12
    33     28     -5     12
    34     26     -8      9
    33     24     -9      8
    34     25     -9      8
    38     26    -12      7
    38     25    -13      6
    39     25    -14      6
    38     25    -13      6
    38     25    -13      6
    37     23    -14      5
    39     23    -16      4
    38     22    -16      3
    37     22    -15      4
    35     23    -12      6
    35     23    -12      6
    35     23    -12      6
    34     23    -11      6
    33     23    -10      7
    34     23    -11      6
    35     22    -13      5
    34     20    -14      3
    32     19    -13      3
    33     21    -12      5
    35     24    -11      7
    34     22    -12      5
    34     21    -13      4
    36     23    -13      5
    34     22    -12      5
    33     23    -10      7
    39     29    -10     10
    39     29    -10     10
    34     24    -10      7
    29     20     -9      6
    28     20     -8      6
    31     23     -8      8
    36     26    -10      8
    36     25    -11      7
    36     23    -13      5
    41     30    -11     10
    37     27    -10      9
    35     27     -8     10
    36     28     -8     10
    35     25    -10      8
    37     26    -11      8
    39     29    -10     10
    42     32    -10     11
    42     32    -10     11
    43     32    -11     11
    40     30    -10     10
    41     31    -10     11
    44     34    -10     12
    47     36    -11     13
    47     36    -11     13
    43     34     -9     13
    40     31     -9     11
    36     28     -8     10
    40     30    -10     10
    44     32    -12     10
    42     30    -12      9
    37     27    -10      9
    34     25     -9      8
    35     26     -9      9
    37     28     -9     10
    36     28     -8     10
    33     26     -7     10
    33     24     -9      8
    35     24    -11      7
    40     26    -14      6
    44     29    -15      7
    43     28    -15      7
    41     27    -14      7
    49     25    -24      1
    44     27    -17      5
    40     31     -9     11
    43     34     -9     13
    43     32    -11     11
    39     29    -10     10
    41     28    -13      8
    48     30    -18      6
    51     33    -18      8
    56     35    -21      7
    76     31    -45     -7
    62     30    -32     -1
    38     33     -5     14
    49     44     -5     20
    65     57     -8     25
    50     40    -10     15
    44     33    -11     11
    51     39    -12     14
    62     52    -10     21
    59     47    -12     18
    55     43    -12     16
    72     59    -13     23
    73     59    -14     23
    65     52    -13     20
    65     54    -11     22
    72     61    -11     25
    59     50     -9     21
    53     44     -9     18
    56     46    -10     18
    58     47    -11     18
    61     50    -11     20
    64     55     -9     23
    69     59    -10     25
    67     60     -7     27
    68     62     -6     28
    69     62     -7     28
    68     59     -9     25
    67     56    -11     23
    70     57    -13     22
    73     56    -17     20
    70     49    -21     14
    72     50    -22     14
    99     77    -22     28
    99     78    -21     29
    79     60    -19     21
    82     65    -17     24
    86     69    -17     26
    77     59    -18     21
    77     56    -21     18
    76     57    -19     19
    92     74    -18     28
   101     86    -15     36
    90     79    -11     34
    98     86    -12     37
   103     91    -12     40
   107     93    -14     40
   106     93    -13     40
   119     96    -23     37
   108    100     -8     46
   111    105     -6     50
   113    107     -6     51
   116    108     -8     50
   120    109    -11     49
   117    108     -9     50
   113    107     -6     51
   109    105     -4     51
   107    101     -6     48
   103     97     -6     46
    98     91     -7     42
    94     83    -11     36
    85     73    -12     31
    78     68    -10     29
    79     67    -12     28
    75     68     -7     31
    75     69     -6     32
    76     70     -6     32
    80     73     -7     33
    83     75     -8     34
    82     73     -9     32
    80     70    -10     30
    76     69     -7     31
    72     66     -6     30
    65     60     -5     28
    59     54     -5     25
    56     51     -5     23
    57     52     -5     24
    58     52     -6     23
    57     50     -7     22
    58     50     -8     21
    57     49     -8     21
    54     46     -8     19
    51     43     -8     18
    48     40     -8     16
    51     42     -9     17
    53     45     -8     19
    54     46     -8     19
    54     46     -8     19
    54     47     -7     20
    57     50     -7     22
    58     51     -7     22
    59     51     -8     22
    59     51     -8     22
    56     48     -8     20
    54     45     -9     18
    51     42     -9     17
    50     41     -9     16
    50     42     -8     17
    52     46     -6     20
    53     46     -7     20
    50     42     -8     17
    49     41     -8     17
    51     43     -8     18
    50     43     -7     18
    53     42    -11     16
    48     42     -6     18
    46     40     -6     17
    50     42     -8     17
    52     43     -9     17
    51     39    -12     14
    53     40    -13     14
    50     39    -11     14
    51     41    -10     16
    53     44     -9     18
    54     45     -9     18
    51     42     -9     17
    51     42     -9     17
    51     43     -8     18
    48     40     -8     16
    46     38     -8     15
    44     37     -7     15
    51     38    -13     13
    66     43    -23     10
    78     43    -35      4
    75     41    -34      4
    63     36    -27      5
    54     34    -20      7
    47     37    -10     14
    48     41     -7     17
    50     44     -6     19
    50     43     -7     18
    48     42     -6     18
    48     40     -8     16
    48     38    -10     14
    47     38     -9     15
    48     39     -9     15
    51     40    -11     15
    46     39     -7     16
    45     38     -7     16
    45     37     -8     15
    47     38     -9     15
    51     43     -8     18
    52     46     -6     20
    54     48     -6     21
    58     49     -9     20
    53     47     -6     21
    53     48     -5     22
    52     47     -5     21
    51     47     -4     22
    52     46     -6     20
    55     46     -9     19
    52     47     -5     21
    55     48     -7     21
    54     46     -8     19
    54     47     -7     20
    55     47     -8     20
    56     47     -9     19
    54     44    -10     17
    51     43     -8     18
    48     41     -7     17
    47     38     -9     15
    46     36    -10     13
    45     37     -8     15
    46     34    -12     11
    43     33    -10     12
    42     34     -8     13
    45     33    -12     11
    38     30     -8     11
    33     28     -5     12
    31     26     -5     11
    35     31     -4     14
    34     28     -6     11
    36     30     -6     12
    38     30     -8     11
    52     31    -21      5
   147     62    -85    -12
   269    131   -138     -4
   134     76    -58      9
   159    106    -53     27
   152    122    -30     46
   138    100    -38     31
   101     75    -26     25
   103     85    -18     34
   105     86    -19     34
    71     64     -7     29
    58     59      1     30
    55     56      1     29
    41     49      8     29
    43     48      5     27
    57     58      1     30
    44     45      1     23
    39     40      1     21
    57     54     -3     26
    59     55     -4     26
    53     49     -4     23
    46     47      1     24
    45     42     -3     20
    55     50     -5     23
    54     48     -6     21
    49     46     -3     22
    40     45      5     25
    35     44      9     27
    31     45     14     30
    30     45     15     30
    38     50     12     31
    37     54     17     36
    35     55     20     38
    49     62     13     38
    67     74      7     41
    78     86      8     47
    73     80      7     44
    69     76      7     42
    71     72      1     37
    53     65     12     39
    46     59     13     36
    46     53      7     30
    42     51      9     30
    43     54     11     33
    33     46     13     30
    31     45     14     30
    38     50     12     31
    40     50     10     30
    35     46     11     29
    31     47     16     32
    27     48     21     35
    26     49     23     36
    27     49     22     36
    29     50     21     36
    50     52      2     27
    62     54     -8     23
    57     57      0     29
    46     58     12     35
    38     54     16     35
    28     46     18     32
    41     51     10     31
    49     62     13     38
    50     65     15     40
    50     59      9     34
    39     53     14     34
    48     62     14     38
    50     62     12     37
    59     58     -1     29
    93     83    -10     37
    84     79     -5     37
    81     76     -5     36
    85     72    -13     30
    83     70    -13     29
    66     70      4     37
    72     74      2     38
    63     60     -3     29
    98     91     -7     42
   100    101      1     51
    82     86      4     45
    84     91      7     49
   100    100      0     50
   107     95    -12     42
   113     98    -15     42
   113    100    -13     44
   114    100    -14     43
   142    126    -16     55
   167    154    -13     71
   181    168    -13     78
   180    164    -16     74
   178    160    -18     71
   204    180    -24     78
   258    208    -50     79
   313    237    -76     81
   356    275    -81     97
   416    330    -86    122
   465    356   -109    124
   540    390   -150    120
   575    399   -176    112
   569    385   -184    101
   599    405   -194    106
   603    400   -203     99
   639    404   -235     85
   669    407   -262     73
   644    382   -262     60
   619    360   -259     51
   585    315   -270     23
   575    282   -293     -6
   608    297   -311     -7
   650    325   -325      0
   693    361   -332     15
   705    384   -321     32
   723    412   -311     51
   746    434   -312     61
   772    454   -318     68
   759    434   -325     55
   760    418   -342     38
   740    389   -351     19
   720    364   -356      4
   733    343   -390    -24
   723    319   -404    -43
   709    298   -411    -57
   693    276   -417    -71
   661    253   -408    -78
   616    235   -381    -73
   580    227   -353    -63
   557    233   -324    -46
   561    231   -330    -50
   555    216   -339    -62
   554    207   -347    -70
   536    195   -341    -73
   501    176   -325    -75
   478    184   -294    -55
   451    187   -264    -39
   422    180   -242    -31
   398    167   -231    -32
   379    149   -230    -41
   360    143   -217    -37
   364    153   -211    -29
   347    155   -192    -19
   339    156   -183    -14
   325    149   -176    -14
   299    143   -156     -7
   280    146   -134      6
   262    142   -120     11
   256    145   -111     17
   260    152   -108     22
   255    152   -103     25
   248    142   -106     18
   258    141   -117     12
   277    137   -140     -2
   305    131   -174    -22
   325    119   -206    -44
   380    140   -240    -50
   455    160   -295    -68
   511    165   -346    -91
   543    168   -375   -104
   580    185   -395   -105
   605    197   -408   -106
   625    206   -419   -107
   647    226   -421    -98
   634    228   -406    -89
   639    231   -408    -89
   643    243   -400    -79
   607    243   -364    -61
   567    230   -337    -54
   551    226   -325    -50
   509    205   -304    -50
   516    202   -314    -56
   516    217   -299    -41
   520    222   -298    -38
   467    197   -270    -37
   474    185   -289    -52
   486    183   -303    -60
   460    174   -286    -56
   479    177   -302    -63
   517    182   -335    -77
   597    190   -407   -109
   634    205   -429   -112
   747    228   -519   -146
   679    233   -446   -107
   640    243   -397    -77
   653    258   -395    -69
   672    261   -411    -75
   694    249   -445    -98
   710    227   -483   -128
   742    226   -516   -145
   750    212   -538   -163
   780    206   -574   -184
   798    210   -588   -189
   824    193   -631   -219
   850    179   -671   -246
   826    166   -660   -247
   816    142   -674   -266
   815    130   -685   -278
   801    124   -677   -277
   774    117   -657   -270
   750    115   -635   -260
   691     85   -606   -261
   647     87   -560   -237
   621     88   -533   -223
   634     88   -546   -229
   665     89   -576   -244
   727    102   -625   -262
   784    119   -665   -273
   775    121   -654   -267
   717    119   -598   -240
   729    119   -610   -246
   722    124   -598   -237
   695    122   -573   -226
   674    118   -556   -219
   699    110   -589   -240
   790    104   -686   -291
   847     98   -749   -326
   859     87   -772   -343
   844     75   -769   -347
   836     59   -777   -359
   804     39   -765   -363
   731     17   -714   -349
   741     22   -719   -349
   753     27   -726   -350
   723     25   -698   -337
   725     25   -700   -338
   752     30   -722   -346
   716     27   -689   -331
   706     19   -687   -334
   670     14   -656   -321
   731     15   -716   -351
   732     13   -719   -353
   600      8   -592   -292
   548      6   -542   -268
   563     10   -553   -272
   607     13   -594   -291
   675     17   -658   -321
   735     19   -716   -349
   797     24   -773   -375
   825     25   -800   -388
   824     17   -807   -395
   799     15   -784   -385
   792     16   -776   -380
   839      7   -832   -413
   875      1   -874   -437
   899      1   -898   -449
   979     14   -965   -476
   992     39   -953   -457
   968     74   -894   -410
   979     95   -884   -395
   979    104   -875   -386
  1016    102   -914   -406
   978    111   -867   -378
   952    113   -839   -363
   899    103   -796   -347
   874     98   -776   -339
   852     83   -769   -343
   808     69   -739   -335
   779     61   -718   -329
   793     53   -740   -344
   835     44   -791   -374
   847     55   -792   -369
   874     78   -796   -359
   940    146   -794   -324
   880    168   -712   -272
   727    130   -597   -234
   696    105   -591   -243
   628     87   -541   -227
   639    110   -529   -210
   747    128   -619   -246
   759    128   -631   -252
   729    126   -603   -239
   678    119   -559   -220
   594    113   -481   -184
   665    112   -553   -221
   632    106   -526   -210
   629     80   -549   -235
   683     63   -620   -279
   665     45   -620   -288
   682     57   -625   -284
   743     83   -660   -289
   770     92   -678   -293
   661     59   -602   -272
   613     70   -543   -237
   616     86   -530   -222
   603     82   -521   -220
   613     97   -516   -210
   632    114   -518   -202
   665    121   -544   -212
   645    116   -529   -207
   605    113   -492   -190
   607    122   -485   -182
   628    141   -487   -173
   666    151   -515   -182
   611    158   -453   -148
   530    164   -366   -101
   485    151   -334    -92
   492    180   -312    -66
   557    249   -308    -30
   627    340   -287     27
   571    301   -270     16
   418    223   -195     14
   399    183   -216    -17
   506    223   -283    -30
   555    228   -327    -50
   569    222   -347    -63
   572    218   -354    -68
   586    238   -348    -55
   558    223   -335    -56
   549    230   -319    -45
   571    261   -310    -25
   539    245   -294    -25
   481    197   -284    -44
   500    217   -283    -33
   523    249   -274    -13
   570    312   -258     27
   567    319   -248     36
   538    299   -239     30
   548    321   -227     47
   534    328   -206     61
   472    275   -197     39
   455    266   -189     39
   434    242   -192     25
   480    279   -201     39
   504    307   -197     55
   434    253   -181     36
   408    246   -162     42
   440    274   -166     54
   418    273   -145     64
   338    188   -150     19
   388    199   -189      5
   397    209   -188     11
   339    186   -153     17
   288    183   -105     39
   269    188    -81     54
   266    214    -52     81
   272    239    -33    103
   286    244    -42    101
   328    242    -86     78
   349    244   -105     70
   340    254    -86     84
   363    260   -103     79
   416    262   -154     54
   419    270   -149     61
   383    269   -114     78
   323    253    -70     92
   270    243    -27    108
   267    243    -24    110
   277    237    -40     99
   269    219    -50     85
   256    214    -42     86
   254    204    -50     77
   231    194    -37     79
   203    190    -13     89
   173    171     -2     85
   169    159    -10     75
   197    168    -29     70
   210    178    -32     73
   194    176    -18     79
   185    181     -4     89
   210    196    -14     91
   232    196    -36     80
   262    203    -59     72
   285    202    -83     60
   264    194    -70     62
   231    189    -42     74
   231    183    -48     68
   225    181    -44     69
   197    172    -25     74
   208    168    -40     64
   204    162    -42     60
   205    161    -44     59
   217    160    -57     52
   197    158    -39     60
   188    149    -39     55
   201    142    -59     42
   205    137    -68     35
   193    140    -53     44
   190    146    -44     51
   188    147    -41     53
   200    145    -55     45
   220    138    -82     28
   230    132    -98     17
   232    131   -101     15
   229    124   -105     10
   220    124    -96     14
   214    133    -81     26
   200    132    -68     32
   214    135    -79     28
   220    134    -86     24
   208    131    -77     27
   215    129    -86     22
   259    134   -125      5
   260    129   -131     -1
   283    158   -125     17
   279    181    -98     42
   263    181    -82     50
   245    179    -66     57
   244    188    -56     66
   226    185    -41     72
   195    183    -12     86
   179    186      7     97
   166    180     14     97
   162    172     10     91
   155    164      9     87
   164    177     13     95
   178    194     16    105
   177    207     30    119
   178    205     27    116
   174    197     23    110
   178    192     14    103
   170    190     20    105
   156    179     23    101
   159    182     23    103
   175    185     10     98
   162    188     26    107
   196    209     13    111
   227    227      0    114
   260    245    -15    115
   244    253      9    131
   241    246      5    126
   227    221     -6    108
   190    188     -2     93
   175    167     -8     80
   152    154      2     78
   161    150    -11     70
   151    148     -3     73
   117    131     14     73
   118    123      5     64
   135    119    -16     52
   121    114     -7     54
   114    110     -4     53
   123    110    -13     49
   116    103    -13     45
   134    100    -34     33
   142     95    -47     24
   116     80    -36     22
    80     59    -21     19
    66     48    -18     15
    83     63    -20     22
    84     61    -23     19
    69     47    -22     13
    65     55    -10     23
    72     53    -19     17
    88     69    -19     25
   137     74    -63      6
   115     98    -17     41
   179    125    -54     36
   244    144   -100     22
   255    156    -99     29
   265    156   -109     24
   286    165   -121     22
   191    138    -53     43
   202    123    -79     22
   237    135   -102     17
   252    134   -118      8
   276    130   -146     -8
   274    115   -159    -22
   292    110   -182    -36
   314    124   -190    -33
   347    179   -168      6
   357    224   -133     46
   397    251   -146     53
   401    264   -137     64
   376    271   -105     83
   333    261    -72     95
   327    249    -78     86
   322    241    -81     80
   350    238   -112     63
   363    232   -131     51
   332    216   -116     50
   299    194   -105     45
   243    146    -97     25
   234    134   -100     17
   241    111   -130    -10
   233    103   -130    -14
   181     93    -88      3
   191     98    -93      3
   235    119   -116      2
   297    153   -144      5
   321    172   -149     12
   351    176   -175      1
   384    189   -195     -3
   413    181   -232    -26
   440    187   -253    -33
   507    204   -303    -50
   516    218   -298    -40
   490    224   -266    -21
   517    242   -275    -17
   508    245   -263     -9
   492    260   -232     14
   525    291   -234     29
   519    307   -212     48
   483    297   -186     56
   445    276   -169     54
   448    275   -173     51
   516    284   -232     26
   596    297   -299     -1
   638    311   -327     -8
   675    312   -363    -26
   731    336   -395    -30
   773    358   -415    -29
   816    376   -440    -32
   841    389   -452    -32
   851    394   -457    -32
   864    393   -471    -39
   890    407   -483    -38
   930    412   -518    -53
   987    407   -580    -87
  1118    417   -701   -142
  1141    412   -729   -159
  1106    387   -719   -166
  1084    349   -735   -193
  1120    327   -793   -233
  1097    312   -785   -237
  1019    292   -727   -218
  1142    254   -888   -317
  1153    218   -935   -359
  1170    199   -971   -386
  1355    192  -1163   -486
  1391    167  -1224   -529
  1153    157   -996   -420
   986    150   -836   -343
   996    130   -866   -368
   995    114   -881   -384
  1139    169   -970   -401
  1285    247  -1038   -396
  1265    290   -975   -343
  1343    437   -906   -235
  1505    320  -1185   -433
  1731    188  -1543   -678
  1757    215  -1542   -664
  2169    269  -1900   -816
  2240    179  -2061   -941
  2035    178  -1857   -840
  1672    163  -1509   -673
  1694    228  -1466   -619
  1665    269  -1396   -564
  1825    230  -1595   -683
  2021    218  -1803   -793
  2198    250  -1948   -849
  2024    276  -1748   -736
  1807    272  -1535   -632
  1731    248  -1483   -618
  1710    222  -1488   -633
  1552    192  -1360   -584
  1715    206  -1509   -652
  1837    219  -1618   -700
  1921    195  -1726   -766
  2059    341  -1718   -689
  2149    407  -1742   -668
  1952    457  -1495   -519
  1793    624  -1169   -273
  1997    664  -1333   -335
  1744    558  -1186   -314
  1856    573  -1283   -355
  2061    644  -1417   -387
  2298    662  -1636   -487
  2269    653  -1616   -482
  1883    505  -1378   -437
  1580    378  -1202   -412
  1615    352  -1263   -456
  1644    379  -1265   -443
  1640    394  -1246   -426
  1631    370  -1261   -446
  1601    357  -1244   -444
  1615    442  -1173   -366
  1725    484  -1241   -379
  1512    436  -1076   -320
  1466    461  -1005   -272
  1519    483  -1036   -277
  1476    396  -1080   -342
  1365    320  -1045   -363
  1277    235  -1042   -404
  1302    202  -1100   -449
  1352    202  -1150   -474
  1355    193  -1162   -485
  1302    179  -1123   -472
  1224    169  -1055   -443
  1262    202  -1060   -429
  1387    240  -1147   -454
  1421    279  -1142   -432
  1346    269  -1077   -404
  1302    254  -1048   -397
  1412    297  -1115   -409
  1723    344  -1379   -518
  2155    381  -1774   -697
  2049    325  -1724   -700
  1883    309  -1574   -633
  1793    335  -1458   -562
  1682    345  -1337   -496
  1514    242  -1272   -515
  1432    210  -1222   -506
  1511    254  -1257   -502
  1368    293  -1075   -391
  1314    328   -986   -329
  1463    372  -1091   -360
  1428    401  -1027   -313
  1237    426   -811   -193
  1154    480   -674    -97
  1356    533   -823   -145
  1328    541   -787   -123
  1492    500   -992   -246
  1558    446  -1112   -333
  1855    465  -1390   -463
  1767    476  -1291   -408
  1666    471  -1195   -362
  1853    488  -1365   -439
  1799    493  -1306   -407
  1923    471  -1452   -491
  1939    456  -1483   -514
  1985    446  -1539   -547
  2025    428  -1597   -585
  1695    441  -1254   -407
  1673    444  -1229   -393
  1610    457  -1153   -348
  1632    472  -1160   -344
  1577    475  -1102   -314
  1574    445  -1129   -342
  1521    448  -1073   -313
  1466    411  -1055   -322
  1509    432  -1077   -323
  1376    439   -937   -249
  1359    434   -925   -246
  1253    429   -824   -198
  1091    442   -649   -104
   919    424   -495    -36
   875    421   -454    -17
   818    432   -386     23
   769    466   -303     82
   742    491   -251    120
   665    441   -224    109
   620    367   -253     57
   615    314   -301      7
   695    312   -383    -36
   684    267   -417    -75
   680    245   -435    -95
   654    236   -418    -91
   637    213   -424   -106
   667    235   -432    -99
   687    234   -453   -110
   687    170   -517   -174
   701    165   -536   -186
   622    132   -490   -179
   642    212   -430   -109
   635    303   -332    -15
   615    312   -303      5
   571    331   -240     46
   552    329   -223     53
   606    334   -272     31
   732    376   -356     10
   719    349   -370    -11
   660    275   -385    -55
   633    262   -371    -55
   627    248   -379    -66
   634    258   -376    -59
   654    290   -364    -37
   655    312   -343    -16
   641    247   -394    -74
   579    121   -458   -169
   588     68   -520   -226
   619     92   -527   -218
   611     53   -558   -253
   673     86   -587   -251
   663    131   -532   -201
   587    152   -435   -142
   590    124   -466   -171
   509     68   -441   -187
   499     77   -422   -173
   491     75   -416   -171
   464     62   -402   -170
   496     64   -432   -184
   540     61   -479   -209
   621     55   -566   -256
   659     57   -602   -273
   736    112   -624   -256
   705    136   -569   -217
   659    165   -494   -165
   678    246   -432    -93
   636    242   -394    -76
   534    177   -357    -90
   426    111   -315   -102
   421    148   -273    -63
   403    173   -230    -29
   405    178   -227    -25
   425    187   -238    -26
   421    144   -277    -67
   438    153   -285    -66
   418    155   -263    -54
   415    151   -264    -57
   427    139   -288    -75
   401    123   -278    -78
   339    124   -215    -46
   315    153   -162     -5
   324    170   -154      8
   333    198   -135     32
   345    202   -143     30
   379    228   -151     39
   381    234   -147     44
   391    233   -158     38
   456    253   -203     25
   445    236   -209     14
   422    217   -205      6
   442    235   -207     14
   450    216   -234     -9
   476    202   -274    -36
   528    212   -316    -52
   622    208   -414   -103
   785    229   -556   -164
   999    248   -751   -252
  1086    243   -843   -300
  1076    225   -851   -313
  1119    217   -902   -343
  1193    229   -964   -368
  1277    244  -1033   -395
  1432    225  -1207   -491
  1632    181  -1451   -635
  1461    189  -1272   -542
  1411    197  -1214   -509
  1383    207  -1176   -485
  1464    213  -1251   -519
  1472    173  -1299   -563
  1355    133  -1222   -545
  1465    109  -1356   -624
  1642    130  -1512   -691
  1692    126  -1566   -720
  1640    109  -1531   -711
  1594    137  -1457   -660
  1529    140  -1389   -625
  1423    125  -1298   -587
  1339    102  -1237   -568
  1412    124  -1288   -582
  1315    153  -1162   -505
  1312    225  -1087   -431
  1360    297  -1063   -383
  1284    218  -1066   -424
  1216    219   -997   -389
  1061    251   -810   -280
  1020    304   -716   -206
   983    246   -737   -246
   970    195   -775   -290
  1087    222   -865   -322
  1003    254   -749   -248
   819    208   -611   -202
   750    144   -606   -231
   781     95   -686   -296
   803     78   -725   -324
   764     68   -696   -314
   699     33   -666   -317
   812     35   -777   -371
   856     64   -792   -364
   842     80   -762   -341
   719     83   -636   -277
   585     88   -497   -205
   503     99   -404   -153
   560     93   -467   -187
   613     84   -529   -223
   677     77   -600   -262
   717     96   -621   -263
   655     92   -563   -236
   553     75   -478   -202
   702     28   -674   -323
   931    -30   -961   -496
  1257    -28  -1285   -657
  1283    -16  -1299   -658
  1190     24  -1166   -571
  1063    103   -960   -429
   972    148   -824   -338
   947    204   -743   -270
   907    257   -650   -197
   842    267   -575   -154
   796    294   -502   -104
   770    296   -474    -89
   782    305   -477    -86
   819    322   -497    -88
   861    346   -515    -85
   795    330   -465    -68
   689    313   -376    -32
   653    315   -338    -12
   657    339   -318     11
   661    347   -314     17
   606    297   -309     -6
   525    230   -295    -33
   541    244   -297    -27
   707    275   -432    -79
  1147    320   -827   -254
  1545    348  -1197   -425
  1189    333   -856   -262
  1029    381   -648   -134
  1163    390   -773   -192
  1181    386   -795   -205
  1074    430   -644   -107
   974    443   -531    -44
   892    437   -455     -9
   816    425   -391     17
   855    414   -441    -14
   901    383   -518    -68
   954    411   -543    -66
   896    409   -487    -39
   834    375   -459    -42
   842    352   -490    -69
   826    333   -493    -80
   825    310   -515   -103
   856    298   -558   -130
   889    308   -581   -137
   900    308   -592   -142
  1029    296   -733   -219
  1311    322   -989   -334
  1322    316  -1006   -345
  1391    290  -1101   -406
  1513    267  -1246   -490
  1472    221  -1251   -515
  1406    196  -1210   -507
  1427    200  -1227   -514
  1477    209  -1268   -530
  1533    202  -1331   -565
  1506    167  -1339   -586
  1409    172  -1237   -533
  1377    177  -1200   -512
  1428    194  -1234   -520
  1420    229  -1191   -481
  1422    228  -1194   -483
  1370    230  -1140   -455
  1275    243  -1032   -395
  1297    235  -1062   -414
  1329    234  -1095   -431
  1308    228  -1080   -426
  1246    227  -1019   -396
  1178    219   -959   -370
  1253    218  -1035   -409
  1256    246  -1010   -382
  1297    284  -1013   -365
  1377    299  -1078   -390
  1491    299  -1192   -447
  1616    298  -1318   -510
  1654    312  -1342   -515
  1596    300  -1296   -498
  1448    274  -1174   -450
  1427    267  -1160   -447
  1412    262  -1150   -444
  1334    255  -1079   -412
  1286    249  -1037   -394
  1251    246  -1005   -380
  1215    233   -982   -375
  1178    212   -966   -377
  1086    198   -888   -345
  1078    198   -880   -341
  1077    192   -885   -347
  1100    210   -890   -340
  1105    224   -881   -329
  1119    230   -889   -330
  1151    223   -928   -353
  1156    209   -947   -369
  1136    211   -925   -357
  1139    191   -948   -379
  1202    221   -981   -380
  1208    218   -990   -386
  1205    200  -1005   -403
  1237    206  -1031   -413
  1254    214  -1040   -413
  1338    234  -1104   -435
  1387    241  -1146   -453
  1420    243  -1177   -467
  1409    241  -1168   -464
  1357    209  -1148   -470
  1315    199  -1116   -459
  1356    208  -1148   -470
  1542    236  -1306   -535
  1515    242  -1273   -516
  1444    237  -1207   -485
  1470    282  -1188   -453
  1557    284  -1273   -495
  1520    259  -1261   -501
  1429    284  -1145   -431
  1295    313   -982   -335
  1279    303   -976   -337
  1298    259  -1039   -390
  1182    238   -944   -353
  1227    246   -981   -368
  1170    230   -940   -355
  1080    228   -852   -312
   990    225   -765   -270
   977    236   -741   -253
   940    228   -712   -242
   937    221   -716   -248
   940    201   -739   -269
   975    203   -772   -285
  1118    201   -917   -358
  1203    187  -1016   -415
  1144    194   -950   -378
  1111    231   -880   -325
  1093    273   -820   -274
  1035    263   -772   -255
   970    222   -748   -263
   979    194   -785   -296
   954    177   -777   -300
   904    170   -734   -282
   880    170   -710   -270
   854    197   -657   -230
   750    204   -546   -171
   636    196   -440   -122
   612    212   -400    -94
   613    232   -381    -75
   614    240   -374    -67
   635    231   -404    -87
   679    229   -450   -111
   606    219   -387    -84
   531    223   -308    -43
   511    243   -268    -13
   423    235   -188     24
   403    218   -185     17
   420    187   -233    -23
   430    166   -264    -49
   479    178   -301    -62
   494    179   -315    -68
   477    167   -310    -72
   488    157   -331    -87
   513    136   -377   -121
   545    123   -422   -150
   805    128   -677   -275
  1056    118   -938   -410
  1180     97  -1083   -493
  1082     93   -989   -448
  1041     94   -947   -427
  1032     78   -954   -438
  1008     78   -930   -426
   944     62   -882   -410
  1302     40  -1262   -611
  1171     23  -1148   -563
  1007     13   -994   -491
   823      1   -822   -411
   834    -16   -850   -433
  1355    -12  -1367   -690
  1344    -22  -1366   -694
  1148    -21  -1169   -595
   943    -28   -971   -500
   766     -8   -774   -391
   676     -9   -685   -347
   792    -24   -816   -420
  1026    -39  -1065   -552
  1171    -26  -1197   -612
  1231    -43  -1274   -659
  1214    -63  -1277   -670
  1215    -63  -1278   -671
  1234    -41  -1275   -658
  1196    -12  -1208   -610
  1142     11  -1131   -560
  1114     35  -1079   -522
  1123     47  -1076   -515
  1126     52  -1074   -511
  1115     61  -1054   -497
  1047     65   -982   -459
  1033     48   -985   -469
  1079     29  -1050   -511
  1246      1  -1245   -622
  1237    -28  -1265   -647
  1164    -33  -1197   -615
   923    -41   -964   -503
   867    -47   -914   -481
   867    -44   -911   -478
   829    -48   -877   -463
   755    -51   -806   -429
   722    -53   -775   -414
   777    -58   -835   -447
  1046    -68  -1114   -591
  1204    -58  -1262   -660
  1286    -67  -1353   -710
  1213    -84  -1297   -691
  1161    -48  -1209   -629
  1267    131  -1136   -503
  1322     77  -1245   -584
  1364     88  -1276   -594
  1363    185  -1178   -497
  1444    315  -1129   -407
  1435    290  -1145   -428
  1272    202  -1070   -434
  1083    108   -975   -434
   882     11   -871   -430
   775    -34   -809   -422
   956    108   -848   -370
  1196    232   -964   -366
  1397    267  -1130   -432
  1521    253  -1268   -508
  1488    195  -1293   -549
  1307    136  -1171   -518
  1234    134  -1100   -483
  1108     39  -1069   -515
  1180     34  -1146   -556
  1383     80  -1303   -612
  1432     53  -1379   -663
  1514     44  -1470   -713
  1476    -24  -1500   -762
  1375    -74  -1449   -762
  1329    -96  -1425   -761
  1246   -101  -1347   -724
  1382    -67  -1449   -758
  1595     19  -1576   -779
  1814     91  -1723   -816
  1900     85  -1815   -865
  1828     39  -1789   -875
  1685     -7  -1692   -850
  1602    -42  -1644   -843
  1612    -18  -1630   -824
  1551     38  -1513   -738
  1400     87  -1313   -613
  1293    120  -1173   -527
  1256    133  -1123   -495
  1091     97   -994   -449
   924     77   -847   -385
   793     42   -751   -355
   759     14   -745   -366
   790    -12   -802   -407
   906    -25   -931   -478
  1111    -30  -1141   -586
  1179    -25  -1204   -615
  1274    -18  -1292   -655
  1366    -23  -1389   -706
  1316     -9  -1325   -667
  1224     20  -1204   -592
   998     36   -962   -463
   805     39   -766   -364
   813     59   -754   -348
   836     60   -776   -358
   947    101   -846   -373
  1166     98  -1068   -485
  1335     87  -1248   -581
  1303     44  -1259   -608
  1283      1  -1282   -641
  1227    -15  -1242   -629
  1130    -15  -1145   -580
   994     -3   -997   -500
   749    -17   -766   -392
   606    -20   -626   -323
   649     -9   -658   -334
   676      8   -668   -330
   723     36   -687   -326
   701     23   -678   -328
   696     22   -674   -326
   723     26   -697   -336
   746     20   -726   -353
   769     13   -756   -372
   746      1   -745   -372
   715      7   -708   -351
   653      7   -646   -320
   579    -18   -597   -308
   582    -12   -594   -303
   627     35   -592   -279
   630     66   -564   -249
   625    114   -511   -199
   581    158   -423   -133
   515    168   -347    -90
   419    120   -299    -90
   357     91   -266    -88
   314     59   -255    -98
   364     85   -279    -97
   409    118   -291    -87
   428    137   -291    -77
   451    161   -290    -65
   480    187   -293    -53
   516    209   -307    -49
   503    225   -278    -27
   502    225   -277    -26
   475    191   -284    -47
   448    160   -288    -64
   427    138   -289    -76
   429    133   -296    -82
   453    131   -322    -96
   417    108   -309   -101
   425    102   -323   -111
   438     90   -348   -129
   427     81   -346   -133
   457     79   -378   -150
   425     83   -342   -130
   406     77   -329   -126
   399     76   -323   -124
   406     71   -335   -132
   450     77   -373   -148
   468     88   -380   -146
   458     87   -371   -142
   430     66   -364   -149
   458     66   -392   -163
   499     74   -425   -176
   496     71   -425   -177
   466     56   -410   -177
   395     41   -354   -157
   352     47   -305   -129
   331     47   -284   -119
   319     55   -264   -105
   318     67   -251    -92
   329     75   -254    -90
   308     74   -234    -80
   297     72   -225    -77
   307     78   -229    -76
   325     79   -246    -84
   339     81   -258    -89
   353     78   -275    -99
   383     91   -292   -101
   385     81   -304   -112
   383     72   -311   -120
   409     70   -339   -135
   418     67   -351   -142
   463     83   -380   -149
   460     80   -380   -150
   464     66   -398   -166
   490     64   -426   -181
   483     58   -425   -184
   488     60   -428   -184
   513     79   -434   -178
   551    115   -436   -161
   571    132   -439   -154
   558    118   -440   -161
   486     44   -442   -199
   474     21   -453   -216
  1004     -3  -1007   -505
  1575     56  -1519   -732
  1712     62  -1650   -794
  1731     57  -1674   -809
  1509    -41  -1550   -796
  1386   -131  -1517   -824
  1302    -64  -1366   -715
  1316      7  -1309   -651
  1236      0  -1236   -618
  1074    -92  -1166   -629
  1055   -146  -1201   -674
  1059   -158  -1217   -688
  1019   -179  -1198   -689
  1171    -21  -1192   -607
  1216    -35  -1251   -643
  1194   -114  -1308   -711
  1273     13  -1260   -624
  1466    317  -1149   -416
  1536    307  -1229   -461
  1542    201  -1341   -570
  1587    187  -1400   -607
  1655    299  -1356   -529
  1488    261  -1227   -483
  1490    275  -1215   -470
  1396    125  -1271   -573
  1335     62  -1273   -606
  1616     51  -1565   -757
  1785    -95  -1880   -988
  2145    -49  -2194  -1122
  2129   -171  -2300  -1236
  1965   -248  -2213  -1231
  1694   -221  -1915  -1068
  1489   -210  -1699   -955
  1381   -207  -1588   -898
  1274   -208  -1482   -845
  1140   -200  -1340   -770
  1124   -162  -1286   -724
  1215   -134  -1349   -742
  1218   -136  -1354   -745
  1161   -122  -1283   -703
  1015   -106  -1121   -614
  1008   -109  -1117   -613
  1084    -96  -1180   -638
  1283    -76  -1359   -718
  1189    -34  -1223   -629
   994    -23  -1017   -520
