   449    126   -323    -99
   425    126   -299    -87
   434    130   -304    -87
   436    122   -314    -96
   441    107   -334   -114
   477    120   -357   -119
   501    121   -380   -130
   496    116   -380   -132
   467    108   -359   -126
   438    117   -321   -102
   438    135   -303    -84
   424    141   -283    -71
   395    137   -258    -61
   381    123   -258    -68
   376    104   -272    -84
   388    100   -288    -94
   409    104   -305   -101
   455    124   -331   -104
   493    141   -352   -106
   497    149   -348   -100
   498    154   -344    -95
   542    177   -365    -94
   568    189   -379    -95
   587    193   -394   -101
   614    201   -413   -106
   646    214   -432   -109
   628    212   -416   -102
   591    201   -390    -95
   577    200   -377    -89
   585    203   -382    -90
   567    183   -384   -101
   574    165   -409   -122
   576    156   -420   -132
   575    144   -431   -144
   557    127   -430   -152
   555    127   -428   -151
   532    113   -419   -153
   529    117   -412   -148
   519    114   -405   -146
   527    107   -420   -157
   542    119   -423   -152
   562    121   -441   -160
   575    112   -463   -176
   602    111   -491   -190
   621    115   -506   -196
   631    120   -511   -196
   609    109   -500   -196
   567     97   -470   -187
   539     91   -448   -179
   504     77   -427   -175
   481     71   -410   -170
   474     59   -415   -178
   472     53   -419   -183
   468     50   -418   -184
   469     53   -416   -182
   462     50   -412   -181
   444     40   -404   -182
   434     34   -400   -183
   426     35   -391   -178
   415     40   -375   -168
   397     41   -356   -158
   379     34   -345   -156
   359     24   -335   -156
   335     25   -310   -143
   321     26   -295   -135
   318     28   -290   -131
   317     31   -286   -128
   317     30   -287   -129
   327     34   -293   -130
   329     35   -294   -130
   346     46   -300   -127
   368     59   -309   -125
   340     42   -298   -128
   430     34   -396   -181
   478     39   -439   -200
   468     48   -420   -186
   503     44   -459   -208
   459     39   -420   -191
   453     45   -408   -182
   576     47   -529   -241
   592     49   -543   -247
   548     50   -498   -224
   498     41   -457   -208
   518     42   -476   -217
   582     48   -534   -243
   597     48   -549   -251
   600     63   -537   -237
   561     84   -477   -197
   639     88   -551   -232
   644    107   -537   -215
   664    116   -548   -216
   665    127   -538   -206
   656    146   -510   -182
   663    159   -504   -173
   639    168   -471   -152
   635    187   -448   -131
   612    185   -427   -121
   610    170   -440   -135
   581    173   -408   -118
   584    184   -400   -108
   513    166   -347    -91
   500    173   -327    -77
   479    131   -348   -109
   477    128   -349   -111
   495    140   -355   -108
   487    151   -336    -93
   525    157   -368   -106
   500    166   -334    -84
   534    188   -346    -79
   602    195   -407   -106
   653    201   -452   -126
   625    222   -403    -91
   612    231   -381    -75
   634    236   -398    -81
   645    226   -419    -97
   624    191   -433   -121
   567    143   -424   -141
   558    108   -450   -171
   548     87   -461   -187
   574     98   -476   -189
   570     95   -475   -190
   578    108   -470   -181
   627    136   -491   -178
   639    153   -486   -167
   628    172   -456   -142
   613    186   -427   -121
   536    169   -367    -99
   464    139   -325    -93
   405    108   -297    -95
   349     77   -272    -98
   333     79   -254    -88
   316     83   -233    -75
   312     84   -228    -72
   314     82   -232    -75
   302     79   -223    -72
   274     82   -192    -55
   276    103   -173    -35
   256    105   -151    -23
   283    129   -154    -13
   293    150   -143      4
   309    161   -148      7
   343    156   -187    -16
   341    137   -204    -34
   339    125   -214    -45
   321    123   -198    -38
   298    122   -176    -27
   279    123   -156    -17
   247    121   -126     -3
   216    116   -100      8
   192    109    -83     13
   188    103    -85      9
   188     95    -93      1
   186     84   -102     -9
   179     75   -104    -15
   184     73   -111    -19
   177     74   -103    -15
   180     84    -96     -6
   177     85    -92     -4
   176     86    -90     -2
   178     87    -91     -2
   174     89    -85      2
   155     81    -74      4
   138     71    -67      2
   133     65    -68     -2
   142     68    -74     -3
   141     76    -65      6
   130     77    -53     12
   116     68    -48     10
   107     58    -49      5
    95     54    -41      7
    85     53    -32     11
    98     53    -45      4
    99     58    -41      9
   116     60    -56      2
   137     76    -61      8
   139     89    -50     20
   156    107    -49     29
   140     92    -48     22
   131     78    -53     13
   137     78    -59     10
   167    103    -64     20
   193    130    -63     34
   216    148    -68     40
   227    155    -72     42
   229    157    -72     43
   209    138    -71     34
   203    134    -69     33
   185    117    -68     25
   173    101    -72     15
   191    110    -81     15
   238    149    -89     30
   258    162    -96     33
   266    165   -101     32
   302    194   -108     43
   344    231   -113     59
   364    250   -114     68
   397    280   -117     82
   435    312   -123     95
   406    283   -123     80
   390    261   -129     66
   393    258   -135     62
   384    246   -138     54
   375    231   -144     44
   382    225   -157     34
   380    215   -165     25
   371    199   -172     14
   352    179   -173      3
   337    151   -186    -18
   333    131   -202    -36
   320    129   -191    -31
   312    137   -175    -19
   306    137   -169    -16
   299    129   -170    -21
   285    123   -162    -20
   276    123   -153    -15
   269    125   -144    -10
   277    126   -151    -13
   270    123   -147    -12
   218    118   -100      9
   226    113   -113      0
   176    107    -69     19
   170    104    -66     19
   165     99    -66     17
   173     99    -74     13
   177     96    -81      8
   170     96    -74     11
   164     94    -70     12
   157     85    -72      7
   145     73    -72      1
   132     62    -70     -4
   138     56    -82    -13
   170     70   -100    -15
   157     71    -86     -8
   133     61    -72     -6
   111     52    -59     -4
   100     47    -53     -3
    75     41    -34      4
    69     39    -30      5
    67     37    -30      4
    64     35    -29      3
    77     37    -40     -2
   108     42    -66    -12
   136     54    -82    -14
   153     55    -98    -22
   146     50    -96    -23
   129     42    -87    -23
   116     40    -76    -18
   132     62    -70     -4
   150     86    -64     11
   167    102    -65     19
   133     64    -69     -3
   132     63    -69     -3
   133     65    -68     -2
   119     63    -56      4
   104     65    -39     13
   103     67    -36     16
   103     65    -38     14
   101     60    -41     10
    99     58    -41      9
    85     58    -27     16
    86     60    -26     17
    88     59    -29     15
   104     57    -47      5
    90     58    -32     13
    79     56    -23     17
    80     53    -27     13
    87     54    -33     11
    82     53    -29     12
    79     54    -25     15
    76     56    -20     18
    85     61    -24     19
    84     58    -26     16
    82     56    -26     15
    69     46    -23     12
    63     37    -26      6
    64     32    -32      0
    67     30    -37     -4
    65     30    -35     -3
    99     29    -70    -21
    95     24    -71    -24
    97     34    -63    -15
   106     61    -45      8
   122     74    -48     13
   135     79    -56     12
   139     84    -55     15
   114     61    -53      4
    84     28    -56    -14
    90     25    -65    -20
   109     37    -72    -18
   117     33    -84    -26
   123     35    -88    -27
   148     63    -85    -11
   147     75    -72      2
   122     69    -53      8
   111     52    -59     -4
   105     43    -62    -10
   113     52    -61     -5
   135     63    -72     -5
   150     60    -90    -15
   189     89   -100     -6
   218    119    -99     10
   235    142    -93     25
   235    145    -90     28
   221    126    -95     16
   211     97   -114     -9
   218     98   -120    -11
   215    109   -106      2
   208    117    -91     13
   201    114    -87     14
   194    111    -83     14
   197    111    -86     13
   210    126    -84     21
   208    127    -81     23
   198    112    -86     13
   197    109    -88     11
   184    104    -80     12
   169    102    -67     18
   156    102    -54     24
   151     89    -62     14
   124     74    -50     12
    90     54    -36      9
    82     45    -37      4
    81     42    -39      2
   105     45    -60     -8
   107     48    -59     -6
    89     53    -36      9
    84     45    -39      3
    75     30    -45     -8
    72     25    -47    -11
    65     21    -44    -12
    55     19    -36     -9
    51     19    -32     -7
    53     20    -33     -7
    65     17    -48    -16
    79     17    -62    -23
   115     39    -76    -19
   118     36    -82    -23
   117     36    -81    -23
   118     41    -77    -18
   126     53    -73    -10
   141     62    -79     -9
   144     52    -92    -20
   179     79   -100    -11
   231    133    -98     18
   260    164    -96     34
   263    169    -94     38
   244    153    -91     31
   230    124   -106      9
   220    101   -119     -9
   215     92   -123    -16
   234    104   -130    -13
   245    108   -137    -15
   251    109   -142    -17
   255    110   -145    -18
   247     95   -152    -29
   271    103   -168    -33
   282     99   -183    -42
   295     97   -198    -51
   297     95   -202    -54
   303     96   -207    -56
   319    103   -216    -57
   340    116   -224    -54
   361    127   -234    -54
   391    138   -253    -58
   384    124   -260    -68
   390    122   -268    -73
   395    123   -272    -75
   395    126   -269    -72
   399    127   -272    -73
   405    115   -290    -88
   418    120   -298    -89
   412    125   -287    -81
   426    126   -300    -87
   435    134   -301    -84
   447    142   -305    -82
   462    146   -316    -85
   596    155   -441   -143
   715    173   -542   -185
   646    189   -457   -134
   608    194   -414   -110
   570    212   -358    -73
   613    208   -405    -99
   621    200   -421   -111
   679    212   -467   -128
   775    219   -556   -169
   770    226   -544   -159
   972    218   -754   -268
   988    220   -768   -274
   892    235   -657   -211
   780    247   -533   -143
   824    259   -565   -153
   980    257   -723   -233
  1109    256   -853   -299
  1036    258   -778   -260
   755    234   -521   -144
   744    224   -520   -148
   799    211   -588   -189
   764    230   -534   -152
   780    262   -518   -128
   838    327   -511    -92
   896    353   -543    -95
   827    326   -501    -88
   760    306   -454    -74
   722    281   -441    -80
   672    244   -428    -92
   767    231   -536   -153
   761    211   -550   -170
   693    180   -513   -167
   665    153   -512   -180
   614    148   -466   -159
   584    131   -453   -161
   526    104   -422   -159
   477     86   -391   -153
   414     68   -346   -139
   353     56   -297   -121
   316     60   -256    -98
   326     58   -268   -105
   329     45   -284   -120
   344     42   -302   -130
   401     50   -351   -151
   381     38   -343   -153
   381     47   -334   -144
   380     63   -317   -127
   355     58   -297   -120
   314     39   -275   -118
   371    116   -255    -70
   315     73   -242    -85
   297     57   -240    -92
   318     51   -267   -108
   351     95   -256    -81
   363    124   -239    -58
   397    144   -253    -55
   480    190   -290    -50
   501    219   -282    -32
   436    202   -234    -16
   400    176   -224    -24
   350    158   -192    -17
   313    139   -174    -18
   278    117   -161    -22
   262    113   -149    -18
   243    102   -141    -20
   239     98   -141    -22
   224    104   -120     -8
   230    110   -120     -5
   238    120   -118      1
   215    113   -102      6
   203    107    -96      6
   196    107    -89      9
   199    111    -88     12
   176     93    -83      5
   171     89    -82      4
   162     76    -86     -5
   151     67    -84     -9
   154     70    -84     -7
   162     78    -84     -3
   172     80    -92     -6
   164     82    -82      0
   166     85    -81      2
   172     89    -83      3
   185     97    -88      5
   190    104    -86      9
   194    104    -90      7
   184    103    -81     11
   184    100    -84      8
   184    103    -81     11
   180    104    -76     14
   174    103    -71     16
   172    102    -70     16
   194    100    -94      3
   171     90    -81      5
   150     88    -62     13
   164     89    -75      7
   184     96    -88      4
   196     98    -98      0
   156     85    -71      7
   137     69    -68      1
   125     63    -62      1
   140     79    -61      9
   193    103    -90      7
   165     76    -89     -7
   136     72    -64      4
   139     74    -65      5
   131     75    -56     10
   134     77    -57     10
   137     76    -61      8
   117     70    -47     12
   118     64    -54      5
   110     65    -45     10
   107     70    -37     17
   111     72    -39     17
   115     66    -49      9
   120     68    -52      8
   119     68    -51      9
   116     64    -52      6
   119     65    -54      6
   118     63    -55      4
   127     63    -64     -1
   141     61    -80    -10
   142     58    -84    -13
   132     57    -75     -9
   128     55    -73     -9
   134     56    -78    -11
   153     60    -93    -17
   166     61   -105    -22
   178     65   -113    -24
   177     67   -110    -22
   186     71   -115    -22
   197     74   -123    -25
   208     76   -132    -28
   214     78   -136    -29
   223     80   -143    -32
   227     84   -143    -30
   225     88   -137    -25
   224     91   -133    -21
   224     94   -130    -18
   233     98   -135    -19
   243    103   -140    -19
   255    107   -148    -21
   255    111   -144    -17
   256    116   -140    -12
   261    117   -144    -14
   268    119   -149    -15
   271    125   -146    -11
   261    125   -136     -6
   264    124   -140     -8
   263    122   -141    -10
   258    123   -135     -6
   257    121   -136     -8
   251    117   -134     -9
   246    116   -130     -7
   238    114   -124     -5
   230    114   -116     -1
   225    120   -105      8
   213    118    -95     12
   182    116    -66     25
   171    121    -50     36
   176    129    -47     41
   182    134    -48     43
   212    130    -82     24
   234    127   -107     10
   257    129   -128      1
   243    124   -119      3
   236    122   -114      4
   247    126   -121      3
   248    123   -125     -1
   239    123   -116      4
   233    123   -110      7
   235    124   -111      7
   237    126   -111      8
   238    120   -118      1
   242    106   -136    -15
   275     99   -176    -39
   314     98   -216    -59
   365    105   -260    -78
   348    107   -241    -67
   347    104   -243    -70
   393    109   -284    -88
   410    115   -295    -90
   398    108   -290    -91
   422    110   -312   -101
   433    119   -314    -98
   407    112   -295    -92
   399    117   -282    -83
   491    125   -366   -121
   522    105   -417   -156
   537     84   -453   -185
   510     77   -433   -178
   656     65   -591   -263
   747     65   -682   -309
   670     49   -621   -286
   788     53   -735   -341
   948     56   -892   -418
   705     44   -661   -309
   574     32   -542   -255
   732     31   -701   -335
   869     31   -838   -404
   785     23   -762   -370
   738     17   -721   -352
   809     12   -797   -393
   670     16   -654   -319
   666     26   -640   -307
   747     26   -721   -348
   747     24   -723   -350
   702     28   -674   -323
   825     35   -790   -378
   838     53   -785   -366
   696     87   -609   -261
   534    104   -430   -163
   701    118   -583   -233
   867    138   -729   -296
   618    151   -467   -158
   555    157   -398   -121
   560    168   -392   -112
   557    151   -406   -128
   624    145   -479   -167
   678    152   -526   -187
   694    167   -527   -180
   763    188   -575   -194
   751    173   -578   -203
   693    162   -531   -185
   590    140   -450   -155
   538    131   -407   -138
   502     93   -409   -158
   500     68   -432   -182
   538     73   -465   -196
   560     72   -488   -208
   549     92   -457   -183
   528    119   -409   -145
   459     72   -387   -158
   412     32   -380   -174
   383    -18   -401   -210
   437     -7   -444   -226
   459      0   -459   -230
   435    -13   -448   -231
   454    -13   -467   -240
   436    -12   -448   -230
   433     -6   -439   -223
   457      0   -457   -229
   448      4   -444   -220
   419     -1   -420   -211
   399    -11   -410   -211
   422      0   -422   -211
   474     30   -444   -207
   505     40   -465   -213
   472     13   -459   -223
   490    -16   -506   -261
   521     17   -504   -244
   510     32   -478   -223
   466     -5   -471   -238
   484     10   -474   -232
   512     57   -455   -199
   523     86   -437   -176
   529     93   -436   -172
   528    103   -425   -161
   513    106   -407   -151
   484    102   -382   -140
   497    118   -379   -131
   520    154   -366   -106
   550    182   -368    -93
   530    194   -336    -71
   505    178   -327    -75
   486    154   -332    -89
   488    136   -352   -108
   490    116   -374   -129
   489    115   -374   -130
   488    113   -375   -131
   481    109   -372   -132
   473    102   -371   -135
   468     92   -376   -142
   471     86   -385   -150
   456     75   -381   -153
   462     69   -393   -162
   476     81   -395   -157
   473     77   -396   -160
   468     65   -403   -169
   464     63   -401   -169
   451     59   -392   -167
   445     64   -381   -159
   425     66   -359   -147
   419     70   -349   -140
   445     96   -349   -127
   486    110   -376   -133
   377     43   -334   -146
   317     12   -305   -147
   304      6   -298   -146
   335     -4   -339   -172
   331     -1   -332   -167
   303     28   -275   -124
   221     10   -211   -101
   247     56   -191    -68
   373    122   -251    -65
   389    139   -250    -56
   301    124   -177    -27
   231     83   -148    -33
   233     53   -180    -64
   277     58   -219    -81
   280     76   -204    -64
   266     91   -175    -42
   250    102   -148    -23
   220    112   -108      2
   221    122    -99     12
   226    122   -104      9
   217    111   -106      3
   189     87   -102     -8
   169     62   -107    -23
   174     62   -112    -25
   185     67   -118    -26
   187     67   -120    -27
   187     71   -116    -23
   175     66   -109    -22
   168     63   -105    -21
   170     64   -106    -21
   172     70   -102    -16
   186     93    -93      0
   210    123    -87     18
   201    121    -80     21
   190    110    -80     15
   185     89    -96     -4
   226     80   -146    -33
   222     80   -142    -31
   303     96   -207    -56
   288    110   -178    -34
   345    104   -241    -69
   281    101   -180    -40
   178     93    -85      4
   169     87    -82      3
   166     85    -81      2
   181     85    -96     -6
   166     86    -80      3
   139     74    -65      5
   142     68    -74     -3
   112     61    -51      5
   111     53    -58     -3
   134     61    -73     -6
   135     61    -74     -7
   152     67    -85     -9
   179     72   -107    -18
   170     67   -103    -18
   154     59    -95    -18
   163     63   -100    -19
   163     63   -100    -19
   144     56    -88    -16
   155     51   -104    -27
   153     50   -103    -27
   160     49   -111    -31
   157     40   -117    -39
   153     29   -124    -48
   156     28   -128    -50
   148     29   -119    -45
   158     45   -113    -34
   187     66   -121    -28
   191     74   -117    -22
   178     62   -116    -27
   161     55   -106    -26
   150     49   -101    -26
   176     48   -128    -40
   194     51   -143    -46
   171     49   -122    -37
   107     46    -61     -8
   120     63    -57      3
   111     57    -54      2
   107     57    -50      4
    99     45    -54     -5
   110     34    -76    -21
   129     31    -98    -34
   131     18   -113    -48
   130     11   -119    -54
   157     23   -134    -56
   180     22   -158    -68
   193     18   -175    -79
   205     23   -182    -80
   210     20   -190    -85
   206     13   -193    -90
   202     16   -186    -85
   201     31   -170    -70
   208     39   -169    -65
   208     37   -171    -67
   212     36   -176    -70
   211     32   -179    -74
   182     20   -162    -71
   152     10   -142    -66
   148     18   -130    -56
   157     35   -122    -44
   163     35   -128    -47
   154     19   -135    -58
   144      9   -135    -63
   134      8   -126    -59
   126     11   -115    -52
   155     26   -129    -52
   171     27   -144    -59
   161     18   -143    -63
   161     14   -147    -67
   171     24   -147    -62
   165     24   -141    -59
   147     13   -134    -61
   134     10   -124    -57
   144     18   -126    -54
   145     17   -128    -56
   131     12   -119    -54
   132     12   -120    -54
   162     16   -146    -65
   176     16   -160    -72
   184     17   -167    -75
   195     14   -181    -84
   192     16   -176    -80
   193     22   -171    -75
   200     29   -171    -71
   208     27   -181    -77
   192     16   -176    -80
   202     23   -179    -78
   202     28   -174    -73
   186     20   -166    -73
   175     18   -157    -70
   176     24   -152    -64
   176     29   -147    -59
   170     29   -141    -56
   151     23   -128    -53
   136     23   -113    -45
   155     49   -106    -29
   143     39   -104    -33
   124     22   -102    -40
   135     22   -113    -46
   165     16   -149    -67
   195     42   -153    -56
   182      9   -173    -82
   169     11   -158    -74
   174     10   -164    -77
   197     29   -168    -70
   188     18   -170    -76
   178      9   -169    -80
   195     20   -175    -78
   215     36   -179    -72
   221     41   -180    -70
   209     37   -172    -68
   198     27   -171    -72
   194     29   -165    -68
   197     37   -160    -62
   189     32   -157    -63
   172     17   -155    -69
   169     23   -146    -62
   160     25   -135    -55
   156     29   -127    -49
   146     26   -120    -47
   144     27   -117    -45
   141     27   -114    -44
   143     30   -113    -42
   144     33   -111    -39
   135     28   -107    -40
   125     28    -97    -35
   113     21    -92    -36
   119     26    -93    -34
   126     35    -91    -28
   130     40    -90    -25
   132     43    -89    -23
   128     37    -91    -27
   116     26    -90    -32
   131     40    -91    -26
   139     43    -96    -27
   139     36   -103    -34
   141     37   -104    -34
   133     30   -103    -37
   140     37   -103    -33
   158     49   -109    -30
   163     34   -129    -48
   156     25   -131    -53
   162     34   -128    -47
   150     30   -120    -45
   142     19   -123    -52
   152     21   -131    -55
   162     24   -138    -57
   170     25   -145    -60
   177     26   -151    -63
   182     21   -161    -70
   193     23   -170    -74
   202     24   -178    -77
   195     20   -175    -78
   194     20   -174    -77
   213     24   -189    -83
   218     19   -199    -90
   212     15   -197    -91
   209     14   -195    -91
   209     15   -194    -90
   218     20   -198    -89
   228     11   -217   -103
   228      8   -220   -106
   231     14   -217   -102
   237     15   -222   -104
   249     10   -239   -115
   272     13   -259   -123
   280     20   -260   -120
   296     21   -275   -127
   309     22   -287   -133
   323     24   -299   -138
   307     31   -276   -123
   307     27   -280   -127
   324     27   -297   -135
   341     32   -309   -139
   358     35   -323   -144
   382     29   -353   -162
   385     32   -353   -161
   388     44   -344   -150
   391     42   -349   -154
   381     44   -337   -147
   379     43   -336   -147
   383     42   -341   -150
   379     47   -332   -143
   373     53   -320   -134
   361     53   -308   -128
   343     52   -291   -120
   334     52   -282   -115
   343     55   -288   -117
   345     62   -283   -111
   338     65   -273   -104
   331     61   -270   -105
   320     58   -262   -102
   309     60   -249    -95
   289     61   -228    -84
   277     55   -222    -84
   284     53   -231    -89
   297     54   -243    -95
   289     55   -234    -90
   271     51   -220    -85
   254     49   -205    -78
   238     49   -189    -70
   228     47   -181    -67
   215     46   -169    -62
   206     44   -162    -59
   191     40   -151    -56
   181     36   -145    -55
   180     36   -144    -54
   187     34   -153    -60
   199     36   -163    -64
   206     35   -171    -68
   206     34   -172    -69
   199     33   -166    -67
   192     32   -160    -64
   189     32   -157    -63
   174     32   -142    -55
   163     37   -126    -45
   159     33   -126    -47
   137     21   -116    -48
   139     22   -117    -48
   148     31   -117    -43
   163     44   -119    -38
   155     34   -121    -44
   150     26   -124    -49
   159     27   -132    -53
   164     30   -134    -52
   162     31   -131    -50
   165     30   -135    -53
   158     19   -139    -60
   156     18   -138    -60
   163     24   -139    -58
   161     24   -137    -57
   148     18   -130    -56
   154     31   -123    -46
   149     34   -115    -41
   130     25   -105    -40
   117     15   -102    -44
   116     15   -101    -43
   119     16   -103    -44
   125     15   -110    -48
   130     10   -120    -55
   127      6   -121    -58
   113     13   -100    -44
    98     17    -81    -32
    90     20    -70    -25
   100     24    -76    -26
   113     31    -82    -26
   124     36    -88    -26
   139     38   -101    -32
   149     39   -110    -36
   157     43   -114    -36
   174     55   -119    -32
   176     58   -118    -30
   167     49   -118    -35
   175     48   -127    -40
   201     56   -145    -45
   215     60   -155    -48
   224     62   -162    -50
   244     70   -174    -52
   262     72   -190    -59
   267     59   -208    -75
   278     57   -221    -82
   292     67   -225    -79
   294     79   -215    -68
   285     87   -198    -56
   278     79   -199    -60
   279     67   -212    -73
   288     64   -224    -80
   286     64   -222    -79
   292     67   -225    -79
   288     67   -221    -77
   273     67   -206    -70
   285     70   -215    -73
   290     72   -218    -73
   293     77   -216    -70
   289     77   -212    -68
   299     85   -214    -65
   307     87   -220    -67
   318     90   -228    -69
   316     91   -225    -67
   304     88   -216    -64
   285     81   -204    -62
   290     77   -213    -68
   303     77   -226    -75
   314     87   -227    -70
   312     89   -223    -67
   310     95   -215    -60
   305     99   -206    -54
   295    100   -195    -48
   287    100   -187    -44
   283     97   -186    -45
   273     88   -185    -49
   281     82   -199    -59
   299     78   -221    -72
   323     81   -242    -81
   352     85   -267    -91
   366     90   -276    -93
   369     93   -276    -92
   360     95   -265    -85
   376    103   -273    -85
   390    115   -275    -80
   379    118   -261    -72
   373    116   -257    -71
   390    119   -271    -76
   410    114   -296    -91
   426    109   -317   -104
   422    106   -316   -105
   406    104   -302    -99
   397    107   -290    -92
   389    105   -284    -90
   383     98   -285    -94
   383     96   -287    -96
   345     98   -247    -75
   358    104   -254    -75
   386    109   -277    -84
   404    108   -296    -94
   424    101   -323   -111
   456    101   -355   -127
   488    111   -377   -133
   500    120   -380   -130
   509    130   -379   -125
   498    137   -361   -112
   485    141   -344   -102
   471    144   -327    -92
   443    141   -302    -81
   421    134   -287    -77
   405    129   -276    -74
   405    126   -279    -77
   403    125   -278    -77
   410    127   -283    -78
   411    122   -289    -84
   401    111   -290    -90
   395    104   -291    -94
   412    109   -303    -97
   432    113   -319   -103
   432    110   -322   -106
   442    105   -337   -116
   484    105   -379   -137
   495    113   -382   -135
   466    113   -353   -120
   448    101   -347   -123
   431     90   -341   -126
   420     89   -331   -121
   423     93   -330   -119
   431     93   -338   -123
   414     94   -320   -113
   390     96   -294    -99
   383    101   -282    -91
   373    101   -272    -86
   360     99   -261    -81
   336     98   -238    -70
   322     95   -227    -66
   310     92   -218    -63
   298     88   -210    -61
   307     83   -224    -71
   300     79   -221    -71
   295     74   -221    -74
   293     70   -223    -77
   300     66   -234    -84
   314     66   -248    -91
   334     67   -267   -100
   351     67   -284   -109
   366     74   -292   -109
   388     79   -309   -115
   403     79   -324   -123
   407     80   -327   -124
   415     78   -337   -130
   427     85   -342   -129
   408     86   -322   -118
   413     88   -325   -119
   447     92   -355   -132
   425     94   -331   -119
   416     99   -317   -109
   399    111   -288    -89
   382    113   -269    -78
   359    106   -253    -74
   340     98   -242    -72
   325     88   -237    -75
   336     84   -252    -84
   336     84   -252    -84
   347     85   -262    -89
   367     86   -281    -98
   370     84   -286   -101
   346     85   -261    -88
   319     87   -232    -73
   295     87   -208    -61
   271     86   -185    -50
   267     86   -181    -48
   280     86   -194    -54
   258     89   -169    -40
   289     92   -197    -53
   299     94   -205    -56
   280     91   -189    -49
   247     82   -165    -42
   218     74   -144    -35
   180     66   -114    -24
   169     54   -115    -31
   104     41    -63    -11
    80     45    -35      5
    82     51    -31     10
    83     46    -37      5
    84     46    -38      4
   140     50    -90    -20
   179     46   -133    -44
   227     53   -174    -61
   282     69   -213    -72
   302     66   -236    -85
   252     58   -194    -68
   211     65   -146    -41
   119     65    -54      6
   122     62    -60      1
   128     60    -68     -4
   140     55    -85    -15
   155     60    -95    -18
   221     70   -151    -41
   247     75   -172    -49
   254     73   -181    -54
   215     67   -148    -41
   203     63   -140    -39
   209     62   -147    -43
   209     60   -149    -45
   217     53   -164    -56
   249     49   -200    -76
   241     54   -187    -67
   214     57   -157    -50
   204     59   -145    -43
   208     65   -143    -39
   202     62   -140    -39
   189     62   -127    -33
   208     62   -146    -42
   276     64   -212    -74
   330     64   -266   -101
   327     70   -257    -94
   320     71   -249    -89
   327     72   -255    -92
   358     75   -283   -104
   381     77   -304   -114
   352     77   -275    -99
   317     89   -228    -70
   326     92   -234    -71
   351    100   -251    -76
   336    109   -227    -59
   342    111   -231    -60
   354    118   -236    -59
   373    120   -253    -67
   365    130   -235    -53
   379    134   -245    -56
   414    142   -272    -65
   433    147   -286    -70
   432    148   -284    -68
   432    151   -281    -65
   490    163   -327    -82
   526    164   -362    -99
   504    167   -337    -85
   517    180   -337    -79
   475    169   -306    -69
   502    175   -327    -76
   567    188   -379    -96
   545    195   -350    -78
   489    191   -298    -54
   496    199   -297    -49
   478    210   -268    -29
   415    195   -220    -13
   410    183   -227    -22
   395    168   -227    -30
   429    182   -247    -33
   387    178   -209    -16
   373    166   -207    -21
   411    172   -239    -34
   460    176   -284    -54
   434    170   -264    -47
   447    175   -272    -49
   480    184   -296    -56
   488    177   -311    -67
   475    167   -308    -71
   495    169   -326    -79
   507    168   -339    -86
   506    157   -349    -96
   551    144   -407   -132
   562    139   -423   -142
   577    148   -429   -141
   598    156   -442   -143
   594    154   -440   -143
   580    146   -434   -144
   583    149   -434   -143
   576    147   -429   -141
   529    131   -398   -134
   458    127   -331   -102
   446    130   -316    -93
   430    131   -299    -84
   410    119   -291    -86
   406    105   -301    -98
   408     93   -315   -111
   371     87   -284    -99
   285     87   -198    -56
   308     91   -217    -63
   384    110   -274    -82
   386    140   -246    -53
   294    107   -187    -40
   333    108   -225    -59
   418    201   -217     -8
   592    382   -210     86
   279     88   -191    -52
   264    102   -162    -30
   363    237   -126     56
   424    275   -149     63
   233     90   -143    -27
   229     96   -133    -19
   280    156   -124     16
   311    182   -129     27
   312    161   -151      5
   313    172   -141     16
   338    218   -120     49
   349    207   -142     33
   333    179   -154     13
   345    181   -164      9
   356    202   -154     24
   328    167   -161      3
   322    138   -184    -23
   341    161   -180    -10
   309    141   -168    -14
   288    135   -153     -9
   308    168   -140     14
   290    153   -137      8
   268    133   -135     -1
   274    140   -134      3
   259    126   -133     -4
   251    121   -130     -5
   271    139   -132      4
   289    151   -138      7
   278    142   -136      3
   236    119   -117      1
   218    117   -101      8
   242    147    -95     26
   214    131    -83     24
   190    118    -72     23
   198    142    -56     43
   186    144    -42     51
   146    110    -36     37
   147    110    -37     37
   127     87    -40     24
   114     66    -48      9
   152     95    -57     19
   193    129    -64     33
   202    140    -62     39
   193    139    -54     43
   170    125    -45     40
   133     96    -37     30
   131    100    -31     35
   100     73    -27     23
    73     48    -25     12
    78     55    -23     16
   181    163    -18     73
   162    140    -22     59
    76     41    -35      3
    97     47    -50     -2
   134     76    -58      9
   128     70    -58      6
    94     40    -54     -7
    90     31    -59    -14
   102     37    -65    -14
   113     49    -64     -8
   116     60    -56      2
    94     45    -49     -2
    79     34    -45     -6
    74     38    -36      1
    91     63    -28     18
    92     64    -28     18
    71     41    -30      6
    82     55    -27     14
    94     64    -30     17
   121     71    -50     11
   180     88    -92     -2
   176    114    -62     26
   176    122    -54     34
   216    125    -91     17
   211    124    -87     19
   206    126    -80     23
   201    119    -82     19
   228    129    -99     15
   262    143   -119     12
   282    145   -137      4
   283    138   -145     -4
   288    132   -156    -12
   293    128   -165    -19
   293    120   -173    -27
   281    107   -174    -34
   271    100   -171    -36
   262     89   -173    -42
   264     91   -173    -41
   246     74   -172    -49
   239     73   -166    -47
   220     68   -152    -42
   201     61   -140    -40
   190     64   -126    -31
   162     64    -98    -17
   133     63    -70     -4
   118     67    -51      8
   106     67    -39     14
   116     70    -46     12
   122     69    -53      8
   104     67    -37     15
   106     66    -40     13
   140     68    -72     -2
   182     98    -84      7
   155     83    -72      6
   169     84    -85     -1
   212     88   -124    -18
   243     91   -152    -31
   292     90   -202    -56
   339    138   -201    -32
   299    105   -194    -45
   253    101   -152    -26
   255     98   -157    -30
   240     99   -141    -21
   250     94   -156    -31
   248     88   -160    -36
   237     83   -154    -36
   226     92   -134    -21
   219     96   -123    -14
   208     96   -112     -8
   197     98    -99     -1
   196    100    -96      2
   197    104    -93      6
   210    118    -92     13
   224    128    -96     16
   255    147   -108     20
   323    161   -162     -1
   390    170   -220    -25
   391    167   -224    -29
   385    174   -211    -19
   442    185   -257    -36
   475    195   -280    -43
   482    200   -282    -41
   494    209   -285    -38
   502    214   -288    -37
   534    219   -315    -48
   559    214   -345    -66
   628    220   -408    -94
   558    224   -334    -55
   679    228   -451   -112
   779    226   -553   -164
   820    230   -590   -180
   808    239   -569   -165
   859    236   -623   -194
   929    241   -688   -224
   895    240   -655   -208
   884    240   -644   -202
   899    243   -656   -207
   947    248   -699   -226
   980    244   -736   -246
   995    244   -751   -254
   981    242   -739   -249
   985    222   -763   -271
   995    218   -777   -280
  1015    223   -792   -285
  1025    218   -807   -295
  1058    202   -856   -327
  1067    199   -868   -335
  1059    204   -855   -326
  1054    198   -856   -329
  1050    186   -864   -339
  1079    195   -884   -345
  1036    195   -841   -323
   940    185   -755   -285
   945    195   -750   -278
  1044    200   -844   -322
  1023    200   -823   -312
   936    200   -736   -268
   905    214   -691   -239
   907    203   -704   -251
   913    225   -688   -232
   917    238   -679   -221
   820    214   -606   -196
   754    188   -566   -189
   731    186   -545   -180
   680    183   -497   -157
   648    179   -469   -145
   654    179   -475   -148
   643    181   -462   -141
   605    176   -429   -127
   613    160   -453   -147
   556    142   -414   -136
   549    141   -408   -134
   560    129   -431   -151
   574    131   -443   -156
   574    131   -443   -156
   587    125   -462   -169
   574    114   -460   -173
   591    107   -484   -189
   665    100   -565   -233
   643    113   -530   -209
   701    127   -574   -224
   731    131   -600   -235
   762    131   -631   -250
   778    124   -654   -265
   798    126   -672   -273
   723    132   -591   -230
   683    148   -535   -194
   779    158   -621   -232
   819    176   -643   -234
   870    178   -692   -257
   818    165   -653   -244
   675    146   -529   -192
   753    156   -597   -221
   790    165   -625   -230
   744    166   -578   -206
   741    166   -575   -205
   653    151   -502   -176
   593    131   -462   -166
   576    121   -455   -167
   560    112   -448   -168
   497    114   -383   -135
   513    116   -397   -141
   519    103   -416   -157
   484     93   -391   -149
   498     90   -408   -159
   496     86   -410   -162
   527     86   -441   -178
   525     94   -431   -169
   523     99   -424   -163
   535    104   -431   -164
   563    115   -448   -167
   576    125   -451   -163
   568    130   -438   -154
   573    137   -436   -150
   586    137   -449   -156
   607    143   -464   -161
   634    136   -498   -181
   660    154   -506   -176
   693    177   -516   -170
   707    187   -520   -167
   728    182   -546   -182
   735    180   -555   -188
   725    182   -543   -181
   712    181   -531   -175
   712    186   -526   -170
   708    193   -515   -161
